# Thu 00:53:14 02-Nov-2017
begin	pcomp_medcomb
	task	fitcoords
	axis	1
	units	angstroms
	surface	44
		1.
		6.
		6.
		1.
		1.
		2048.
		1.
		900.
		6698.34603115847
		-2950.936291113002
		3.818951686821566
		-5.272714738970977
		0.45640634437748
		0.291145318236129
		7.481998703924693
		4.569330667196724
		0.08104021487106674
		0.2524360954745235
		0.01208094379110748
		0.09135980611158291
		-0.4013375650466154
		-3.108736615954617
		-0.08086888332286088
		-0.5430253567268551
		-0.04654078439444028
		-0.1839331449402391
		-0.01775471516657113
		-0.1928625157633725
		0.009993497649156595
		-0.1654199616185294
		0.01069522071114406
		-0.05682398116455619
		-0.0550255629142739
		-0.5192035954083059
		-0.1445758389170849
		-0.3330604153623988
		-0.07554593874915624
		-0.121720257113606
		0.01992605155283427
		-0.02222965412675113
		0.007018282274291212
		-0.03612110042543526
		0.002234747343714931
		-0.01551040987229576
