# Thu 00:26:17 02-Nov-2017
begin	identify pcomp_medcomb[*,450]
	id	pcomp_medcomb
	task	identify
	image	pcomp_medcomb[*,450]
	features	20
	        148.34 9224.25696   9224.499   8.0 1 1 
	        182.88 9123.27451   9122.967   8.0 1 1 
	        339.29 8667.71938   8667.944   8.0 1 1 
	        389.64 8521.64096   8521.441   8.0 1 1 
	        478.49 8264.47392   8264.521   8.0 1 1 
	        588.13 7948.03981   7948.175   8.0 1 1 
	        665.96 7723.91928   7723.761   8.0 1 1 
	        696.78 7635.28912   7635.105   8.0 1 1 
	        784.29  7383.8869    7383.98   8.0 1 1 
	        822.98 7272.82887   7272.936   8.0 1 1 
	        894.64 7067.31219   7067.218   8.0 1 1 
	        930.18 6965.43079   6965.431   8.0 1 1 
	       1030.47 6678.11293  6678.2766   8.0 1 1 
	       1126.78 6402.27009   6402.248   8.0 1 1 
	       1217.29 6143.02354  6143.0627   8.0 1 1 
	       1233.64 6096.19564   6096.163   8.0 1 1 
	       1318.69 5852.43071  5852.4878   8.0 1 1 
	       1521.66 5269.66373   5269.537   8.0 1 1 
	       1557.13 5167.59746   5167.487   8.0 1 1 
	       1696.86 4764.73832   4764.865   8.0 1 1 
	function chebyshev
	order 4
	sample *
	naverage 1
	niterate 0
	low_reject 3.
	high_reject 3.
	grow 0.
	coefficients	8
		1.
		4.
		148.3419036865235
		1696.862548828125
		6990.829648927603
		-2227.100434919927
		3.667988342834569
		-2.65888343640408

