# Thu 00:26:17 02-Nov-2017
begin	identify pcomp_medcomb[*,450]
	id	pcomp_medcomb
	task	identify
	image	pcomp_medcomb[*,450]
	features	20
	        148.34 9224.25696   9224.499   8.0 1 1 
	        182.88 9123.27451   9122.967   8.0 1 1 
	        339.29 8667.71938   8667.944   8.0 1 1 
	        389.64 8521.64096   8521.441   8.0 1 1 
	        478.49 8264.47392   8264.521   8.0 1 1 
	        588.13 7948.03981   7948.175   8.0 1 1 
	        665.96 7723.91928   7723.761   8.0 1 1 
	        696.78 7635.28912   7635.105   8.0 1 1 
	        784.29  7383.8869    7383.98   8.0 1 1 
	        822.98 7272.82887   7272.936   8.0 1 1 
	        894.64 7067.31219   7067.218   8.0 1 1 
	        930.18 6965.43079   6965.431   8.0 1 1 
	       1030.47 6678.11293  6678.2766   8.0 1 1 
	       1126.78 6402.27009   6402.248   8.0 1 1 
	       1217.29 6143.02354  6143.0627   8.0 1 1 
	       1233.64 6096.19564   6096.163   8.0 1 1 
	       1318.69 5852.43071  5852.4878   8.0 1 1 
	       1521.66 5269.66373   5269.537   8.0 1 1 
	       1557.13 5167.59746   5167.487   8.0 1 1 
	       1696.86 4764.73832   4764.865   8.0 1 1 
	function chebyshev
	order 4
	sample *
	naverage 1
	niterate 0
	low_reject 3.
	high_reject 3.
	grow 0.
	coefficients	8
		1.
		4.
		148.3419036865235
		1696.862548828125
		6990.829648927603
		-2227.100434919927
		3.667988342834569
		-2.65888343640408

# Thu 00:52:49 02-Nov-2017
begin	identify pcomp_medcomb[*,435]
	id	pcomp_medcomb
	task	identify
	image	pcomp_medcomb[*,435]
	units	Angstroms
	features	20
	        148.36 9224.14378   9224.499   8.0 1 1 
	        182.84 9123.30297   9122.967   8.0 1 1 
	        339.20 8667.86571   8667.944   8.0 1 1 
	        389.59 8521.65743   8521.441   8.0 1 1 
	        478.42 8264.50871   8264.521   8.0 1 1 
	        588.07 7948.04037   7948.175   8.0 1 1 
	        665.92 7723.86964   7723.761   8.0 1 1 
	        696.75 7635.21223   7635.105   8.0 1 1 
	        784.23 7383.89448    7383.98   8.0 1 1 
	        822.91 7272.88179   7272.936   8.0 1 1 
	        894.62 7067.19974   7067.218   8.0 1 1 
	        930.13 6965.41643   6965.431   8.0 1 1 
	       1030.41 6678.12537  6678.2766   8.0 1 1 
	       1126.73 6402.26716   6402.248   8.0 1 1 
	       1217.24 6143.02071  6143.0627   8.0 1 1 
	       1233.56 6096.24901   6096.163   8.0 1 1 
	       1318.62 5852.45464  5852.4878   8.0 1 1 
	       1521.59 5269.67529   5269.537   8.0 1 1 
	       1557.06 5167.62642   5167.487   8.0 1 1 
	       1696.81 4764.69324   4764.865   8.0 1 1 
	function chebyshev
	order 4
	sample *
	naverage 1
	niterate 0
	low_reject 3.
	high_reject 3.
	grow 0.
	coefficients	8
		1.
		4.
		148.3591766357422
		1696.805786132813
		6990.738093374659
		-2227.04461049583
		3.680414539022323
		-2.68065857191878

# Thu 00:52:49 02-Nov-2017
begin	identify pcomp_medcomb[*,420]
	id	pcomp_medcomb
	task	identify
	image	pcomp_medcomb[*,420]
	units	Angstroms
	features	20
	        148.33 9224.03251   9224.499   8.0 1 1 
	        182.72 9123.46246   9122.967   8.0 1 1 
	        339.12 8667.90281   8667.944   8.0 1 1 
	        389.58 8521.51828   8521.441   8.0 1 1 
	        478.37 8264.48411   8264.521   8.0 1 1 
	        587.99 7948.10699   7948.175   8.0 1 1 
	        665.85 7723.90573   7723.761   8.0 1 1 
	        696.68 7635.22293   7635.105   8.0 1 1 
	        784.16 7383.89721    7383.98   8.0 1 1 
	        822.84 7272.86281   7272.936   8.0 1 1 
	        894.55 7067.18856   7067.218   8.0 1 1 
	        930.06 6965.40437   6965.431   8.0 1 1 
	       1030.32 6678.14536  6678.2766   8.0 1 1 
	       1126.64  6402.2583   6402.248   8.0 1 1 
	       1217.14 6143.01729  6143.0627   8.0 1 1 
	       1233.47 6096.24182   6096.163   8.0 1 1 
	       1318.53 5852.44061  5852.4878   8.0 1 1 
	       1521.47 5269.70939   5269.537   8.0 1 1 
	       1556.95 5167.61817   5167.487   8.0 1 1 
	       1696.69  4764.6854   4764.865   8.0 1 1 
	function chebyshev
	order 4
	sample *
	naverage 1
	niterate 0
	low_reject 3.
	high_reject 3.
	grow 0.
	coefficients	8
		1.
		4.
		148.32861328125
		1696.688354492188
		6990.703679208529
		-2227.008507818723
		3.655275676795058
		-2.665051110175184

# Thu 00:52:49 02-Nov-2017
begin	identify pcomp_medcomb[*,405]
	id	pcomp_medcomb
	task	identify
	image	pcomp_medcomb[*,405]
	units	Angstroms
	features	20
	        148.24  9224.2148   9224.499   8.0 1 1 
	        182.72 9123.39003   9122.967   8.0 1 1 
	        339.11 8667.84097   8667.944   8.0 1 1 
	        389.62 8521.27079   8521.441   8.0 1 1 
	        478.33 8264.48531   8264.521   8.0 1 1 
	        587.90 7948.20185   7948.175   8.0 1 1 
	        665.77 7723.95671   7723.761   8.0 1 1 
	        696.60 7635.25921   7635.105   8.0 1 1 
	        784.07 7383.95702    7383.98   8.0 1 1 
	        822.77 7272.86071   7272.936   8.0 1 1 
	        894.47 7067.19777   7067.218   8.0 1 1 
	        929.96 6965.45076   6965.431   8.0 1 1 
	       1030.22   6678.152  6678.2766   8.0 1 1 
	       1126.55 6402.22837   6402.248   8.0 1 1 
	       1217.04 6143.00419  6143.0627   8.0 1 1 
	       1233.37 6096.19816   6096.163   8.0 1 1 
	       1318.42 5852.41341  5852.4878   8.0 1 1 
	       1521.37 5269.64598   5269.537   8.0 1 1 
	       1556.82 5167.64841   5167.487   8.0 1 1 
	       1696.56 4764.72863   4764.865   8.0 1 1 
	function chebyshev
	order 4
	sample *
	naverage 1
	niterate 0
	low_reject 3.
	high_reject 3.
	grow 0.
	coefficients	8
		1.
		4.
		148.2371063232422
		1696.558959960938
		6990.798385776175
		-2227.097925538001
		3.673330374952452
		-2.645155707703591

# Thu 00:52:49 02-Nov-2017
begin	identify pcomp_medcomb[*,390]
	id	pcomp_medcomb
	task	identify
	image	pcomp_medcomb[*,390]
	units	Angstroms
	features	20
	        148.17 9224.26059   9224.499   8.0 1 1 
	        182.64 9123.46364   9122.967   8.0 1 1 
	        339.16 8667.56863   8667.944   8.0 1 1 
	        389.57 8521.30584   8521.441   8.0 1 1 
	        478.29 8264.46124   8264.521   8.0 1 1 
	        587.80 7948.35092   7948.175   8.0 1 1 
	        665.69 7724.00556   7723.761   8.0 1 1 
	        696.56 7635.22468   7635.105   8.0 1 1 
	        784.02 7383.88084    7383.98   8.0 1 1 
	        822.69 7272.89709   7272.936   8.0 1 1 
	        894.37  7067.2516   7067.218   8.0 1 1 
	        929.86 6965.49015   6965.431   8.0 1 1 
	       1030.14  6678.1293  6678.2766   8.0 1 1 
	       1126.45 6402.21252   6402.248   8.0 1 1 
	       1216.93 6143.00125  6143.0627   8.0 1 1 
	       1233.27 6096.18093   6096.163   8.0 1 1 
	       1318.31  5852.3862  5852.4878   8.0 1 1 
	       1521.23 5269.66912   5269.537   8.0 1 1 
	       1556.70 5167.60461   5167.487   8.0 1 1 
	       1696.42 4764.76039   4764.865   8.0 1 1 
	function chebyshev
	order 4
	sample *
	naverage 1
	niterate 0
	low_reject 3.
	high_reject 3.
	grow 0.
	coefficients	8
		1.
		4.
		148.1739959716797
		1696.418212890625
		6990.847785981915
		-2227.133300108744
		3.662704233438324
		-2.616795487531264

# Thu 00:52:49 02-Nov-2017
begin	identify pcomp_medcomb[*,375]
	id	pcomp_medcomb
	task	identify
	image	pcomp_medcomb[*,375]
	units	Angstroms
	features	20
	        148.21 9224.21307   9224.499   8.0 1 1 
	        182.65 9123.45438   9122.967   8.0 1 1 
	        339.09 8667.64898   8667.944   8.0 1 1 
	        389.50 8521.33301   8521.441   8.0 1 1 
	        478.22 8264.46045   8264.521   8.0 1 1 
	        587.70 7948.37225   7948.175   8.0 1 1 
	        665.61 7723.96354   7723.761   8.0 1 1 
	        696.47 7635.20531   7635.105   8.0 1 1 
	        783.91 7383.92308    7383.98   8.0 1 1 
	        822.59 7272.87237   7272.936   8.0 1 1 
	        894.27 7067.23682   7067.218   8.0 1 1 
	        929.78 6965.43771   6965.431   8.0 1 1 
	       1030.04 6678.12262  6678.2766   8.0 1 1 
	       1126.35 6402.20735   6402.248   8.0 1 1 
	       1216.82 6143.01305  6143.0627   8.0 1 1 
	       1233.16 6096.18896   6096.163   8.0 1 1 
	       1318.20  5852.4057  5852.4878   8.0 1 1 
	       1521.12 5269.65428   5269.537   8.0 1 1 
	       1556.55 5167.68602   5167.487   8.0 1 1 
	       1696.29 4764.70615   4764.865   8.0 1 1 
	function chebyshev
	order 4
	sample *
	naverage 1
	niterate 0
	low_reject 3.
	high_reject 3.
	grow 0.
	coefficients	8
		1.
		4.
		148.2050170898437
		1696.290161132812
		6990.742649713027
		-2227.082778004372
		3.716960819008051
		-2.670684146673456

# Thu 00:52:49 02-Nov-2017
begin	identify pcomp_medcomb[*,360]
	id	pcomp_medcomb
	task	identify
	image	pcomp_medcomb[*,360]
	units	Angstroms
	features	20
	        148.17 9224.15321   9224.499   8.0 1 1 
	        182.60 9123.45122   9122.967   8.0 1 1 
	        339.02  8667.6935   8667.944   8.0 1 1 
	        389.41 8521.46211   8521.441   8.0 1 1 
	        478.18 8264.42784   8264.521   8.0 1 1 
	        587.65 7948.37609   7948.175   8.0 1 1 
	        665.58 7723.91097   7723.761   8.0 1 1 
	        696.44 7635.12862   7635.105   8.0 1 1 
	        783.83 7383.97602    7383.98   8.0 1 1 
	        822.52 7272.91235   7272.936   8.0 1 1 
	        894.23 7067.16244   7067.218   8.0 1 1 
	        929.72 6965.40653   6965.431   8.0 1 1 
	       1029.97 6678.11395  6678.2766   8.0 1 1 
	       1126.26 6402.22412   6402.248   8.0 1 1 
	       1216.72 6143.03088  6143.0627   8.0 1 1 
	       1233.06 6096.22369   6096.163   8.0 1 1 
	       1318.09   5852.426  5852.4878   8.0 1 1 
	       1520.99 5269.66352   5269.537   8.0 1 1 
	       1556.43  5167.6663   5167.487   8.0 1 1 
	       1696.15 4764.69573   4764.865   8.0 1 1 
	function chebyshev
	order 4
	sample *
	naverage 1
	niterate 0
	low_reject 3.
	high_reject 3.
	grow 0.
	coefficients	8
		1.
		4.
		148.1720428466797
		1696.150024414063
		6990.754301795002
		-2227.062122253996
		3.670168973256791
		-2.66661999920024

# Thu 00:52:49 02-Nov-2017
begin	identify pcomp_medcomb[*,345]
	id	pcomp_medcomb
	task	identify
	image	pcomp_medcomb[*,345]
	units	Angstroms
	features	20
	        148.08 9224.32042   9224.499   8.0 1 1 
	        182.62 9123.27815   9122.967   8.0 1 1 
	        339.01 8667.63313   8667.944   8.0 1 1 
	        389.35 8521.53109   8521.441   8.0 1 1 
	        478.15  8264.3846   8264.521   8.0 1 1 
	        587.59  7948.3883   7948.175   8.0 1 1 
	        665.51 7723.93609   7723.761   8.0 1 1 
	        696.38 7635.12593   7635.105   8.0 1 1 
	        783.78 7383.92425    7383.98   8.0 1 1 
	        822.42 7272.95711   7272.936   8.0 1 1 
	        894.14 7067.18949   7067.218   8.0 1 1 
	        929.62 6965.45002   6965.431   8.0 1 1 
	       1029.87 6678.11042  6678.2766   8.0 1 1 
	       1126.17 6402.20306   6402.248   8.0 1 1 
	       1216.62 6143.00273  6143.0627   8.0 1 1 
	       1232.95 6096.20251   6096.163   8.0 1 1 
	       1317.98 5852.41915  5852.4878   8.0 1 1 
	       1520.86 5269.70094   5269.537   8.0 1 1 
	       1556.32 5167.64958   5167.487   8.0 1 1 
	       1696.04 4764.69814   4764.865   8.0 1 1 
	function chebyshev
	order 4
	sample *
	naverage 1
	niterate 0
	low_reject 3.
	high_reject 3.
	grow 0.
	coefficients	8
		1.
		4.
		148.0790405273438
		1696.040771484375
		6990.817329267794
		-2227.173272718612
		3.691947770327614
		-2.637867022396555

# Thu 00:52:49 02-Nov-2017
begin	identify pcomp_medcomb[*,330]
	id	pcomp_medcomb
	task	identify
	image	pcomp_medcomb[*,330]
	units	Angstroms
	features	20
	        147.86 9224.70046   9224.499   8.0 1 1 
	        182.67 9122.90125   9122.967   8.0 1 1 
	        338.96 8667.56489   8667.944   8.0 1 1 
	        389.30 8521.45854   8521.441   8.0 1 1 
	        478.06 8264.46008   8264.521   8.0 1 1 
	        587.51 7948.43603   7948.175   8.0 1 1 
	        665.44 7723.94364   7723.761   8.0 1 1 
	        696.31 7635.12085   7635.105   8.0 1 1 
	        783.72 7383.87993    7383.98   8.0 1 1 
	        822.34 7272.96831   7272.936   8.0 1 1 
	        894.03 7067.26978   7067.218   8.0 1 1 
	        929.52 6965.48427   6965.431   8.0 1 1 
	       1029.77 6678.11448  6678.2766   8.0 1 1 
	       1126.06 6402.19201   6402.248   8.0 1 1 
	       1216.52 6142.97066  6143.0627   8.0 1 1 
	       1232.83 6096.20518   6096.163   8.0 1 1 
	       1317.86 5852.38244  5852.4878   8.0 1 1 
	       1520.72 5269.66608   5269.537   8.0 1 1 
	       1556.16  5167.6472   5167.487   8.0 1 1 
	       1695.86 4764.73902   4764.865   8.0 1 1 
	function chebyshev
	order 4
	sample *
	naverage 1
	niterate 0
	low_reject 3.
	high_reject 3.
	grow 0.
	coefficients	8
		1.
		4.
		147.8591613769532
		1695.857299804688
		6991.089888818023
		-2227.363516629661
		3.629852559510302
		-2.617202289387434

# Thu 00:52:49 02-Nov-2017
begin	identify pcomp_medcomb[*,315]
	id	pcomp_medcomb
	task	identify
	image	pcomp_medcomb[*,315]
	units	Angstroms
	features	20
	        147.81 9224.81845   9224.499   8.0 1 1 
	        182.73 9122.67769   9122.967   8.0 1 1 
	        338.91 8667.59634   8667.944   8.0 1 1 
	        389.22 8521.56488   8521.441   8.0 1 1 
	        477.95 8264.61753   8264.521   8.0 1 1 
	        587.49 7948.30728   7948.175   8.0 1 1 
	        665.37 7723.93845   7723.761   8.0 1 1 
	        696.26 7635.05421   7635.105   8.0 1 1 
	        783.61 7383.97065    7383.98   8.0 1 1 
	        822.31 7272.86382   7272.936   8.0 1 1 
	        893.97 7067.22502   7067.218   8.0 1 1 
	        929.45 6965.47033   6965.431   8.0 1 1 
	       1029.69 6678.11276  6678.2766   8.0 1 1 
	       1125.96 6402.24285   6402.248   8.0 1 1 
	       1216.42 6142.99757  6143.0627   8.0 1 1 
	       1232.74 6096.20597   6096.163   8.0 1 1 
	       1317.75 5852.42916  5852.4878   8.0 1 1 
	       1520.62 5269.62749   5269.537   8.0 1 1 
	       1556.05  5167.6474   5167.487   8.0 1 1 
	       1695.72 4764.73726   4764.865   8.0 1 1 
	function chebyshev
	order 4
	sample *
	naverage 1
	niterate 0
	low_reject 3.
	high_reject 3.
	grow 0.
	coefficients	8
		1.
		4.
		147.8143920898438
		1695.722045898437
		6991.136655817713
		-2227.394931783022
		3.641197839021235
		-2.645662793141073

# Thu 00:52:49 02-Nov-2017
begin	identify pcomp_medcomb[*,300]
	id	pcomp_medcomb
	task	identify
	image	pcomp_medcomb[*,300]
	units	Angstroms
	features	20
	        147.84 9224.67061   9224.499   8.0 1 1 
	        182.66 9122.80532   9122.967   8.0 1 1 
	        338.87  8667.6077   8667.944   8.0 1 1 
	        389.14 8521.65921   8521.441   8.0 1 1 
	        477.89 8264.62226   8264.521   8.0 1 1 
	        587.44 7948.25076   7948.175   8.0 1 1 
	        665.31 7723.90366   7723.761   8.0 1 1 
	        696.20 7635.00962   7635.105   8.0 1 1 
	        783.51 7384.02167    7383.98   8.0 1 1 
	        822.24 7272.80043   7272.936   8.0 1 1 
	        893.86 7067.26959   7067.218   8.0 1 1 
	        929.36 6965.45262   6965.431   8.0 1 1 
	       1029.58 6678.12353  6678.2766   8.0 1 1 
	       1125.84 6402.26381   6402.248   8.0 1 1 
	       1216.30 6143.00101  6143.0627   8.0 1 1 
	       1232.62 6096.20906   6096.163   8.0 1 1 
	       1317.63 5852.41424  5852.4878   8.0 1 1 
	       1520.47 5269.65439   5269.537   8.0 1 1 
	       1555.90 5167.64576   5167.487   8.0 1 1 
	       1695.58 4764.71985   4764.865   8.0 1 1 
	function chebyshev
	order 4
	sample *
	naverage 1
	niterate 0
	low_reject 3.
	high_reject 3.
	grow 0.
	coefficients	8
		1.
		4.
		147.842758178711
		1695.575927734375
		6991.039536388601
		-2227.331538612523
		3.655692094964946
		-2.643841711099941

# Thu 00:52:49 02-Nov-2017
begin	identify pcomp_medcomb[*,285]
	id	pcomp_medcomb
	task	identify
	image	pcomp_medcomb[*,285]
	units	Angstroms
	features	20
	        147.90 9224.47303   9224.499   8.0 1 1 
	        182.56 9123.03316   9122.967   8.0 1 1 
	        338.82 8667.60994   8667.944   8.0 1 1 
	        389.10 8521.62404   8521.441   8.0 1 1 
	        477.83 8264.62989   8264.521   8.0 1 1 
	        587.38 7948.24967   7948.175   8.0 1 1 
	        665.23 7723.93913   7723.761   8.0 1 1 
	        696.12 7635.02752   7635.105   8.0 1 1 
	        783.44  7384.0065    7383.98   8.0 1 1 
	        822.17 7272.75653   7272.936   8.0 1 1 
	        893.77 7067.27955   7067.218   8.0 1 1 
	        929.29 6965.40459   6965.431   8.0 1 1 
	       1029.49 6678.12385  6678.2766   8.0 1 1 
	       1125.75 6402.26839   6402.248   8.0 1 1 
	       1216.20 6143.01414  6143.0627   8.0 1 1 
	       1232.52 6096.21845   6096.163   8.0 1 1 
	       1317.52 5852.43696  5852.4878   8.0 1 1 
	       1520.34 5269.67048   5269.537   8.0 1 1 
	       1555.78 5167.62866   5167.487   8.0 1 1 
	       1695.43 4764.71064   4764.865   8.0 1 1 
	function chebyshev
	order 4
	sample *
	naverage 1
	niterate 0
	low_reject 3.
	high_reject 3.
	grow 0.
	coefficients	8
		1.
		4.
		147.8956451416016
		1695.4296875
		6990.934266488731
		-2227.209524586208
		3.657566043134373
		-2.671671199376681

# Thu 00:52:49 02-Nov-2017
begin	identify pcomp_medcomb[*,270]
	id	pcomp_medcomb
	task	identify
	image	pcomp_medcomb[*,270]
	units	Angstroms
	features	20
	        147.87 9224.40646   9224.499   8.0 1 1 
	        182.48 9123.15655   9122.967   8.0 1 1 
	        338.79 8667.56194   8667.944   8.0 1 1 
	        389.06 8521.60978   8521.441   8.0 1 1 
	        477.78  8264.6048   8264.521   8.0 1 1 
	        587.35 7948.15734   7948.175   8.0 1 1 
	        665.12 7724.03479   7723.761   8.0 1 1 
	        696.04 7635.05125   7635.105   8.0 1 1 
	        783.38 7383.95927    7383.98   8.0 1 1 
	        822.07 7272.82009   7272.936   8.0 1 1 
	        893.67 7067.31458   7067.218   8.0 1 1 
	        929.21 6965.37705   6965.431   8.0 1 1 
	       1029.38 6678.14056  6678.2766   8.0 1 1 
	       1125.63 6402.26217   6402.248   8.0 1 1 
	       1216.07 6143.01564  6143.0627   8.0 1 1 
	       1232.39 6096.20865   6096.163   8.0 1 1 
	       1317.39 5852.40842  5852.4878   8.0 1 1 
	       1520.17 5269.68794   5269.537   8.0 1 1 
	       1555.63 5167.59434   5167.487   8.0 1 1 
	       1695.24 4764.73349   4764.865   8.0 1 1 
	function chebyshev
	order 4
	sample *
	naverage 1
	niterate 0
	low_reject 3.
	high_reject 3.
	grow 0.
	coefficients	8
		1.
		4.
		147.8734741210938
		1695.237060546875
		6990.944658979745
		-2227.173925421392
		3.625315024324228
		-2.662559055132458

# Thu 00:52:49 02-Nov-2017
begin	identify pcomp_medcomb[*,255]
	id	pcomp_medcomb
	task	identify
	image	pcomp_medcomb[*,255]
	units	Angstroms
	features	20
	        147.83 9224.40002   9224.499   8.0 1 1 
	        182.42 9123.17128   9122.967   8.0 1 1 
	        338.74 8667.59509   8667.944   8.0 1 1 
	        389.03 8521.58084   8521.441   8.0 1 1 
	        477.76  8264.5557   8264.521   8.0 1 1 
	        587.29 7948.18079   7948.175   8.0 1 1 
	        665.10 7723.94775   7723.761   8.0 1 1 
	        695.94 7635.16233   7635.105   8.0 1 1 
	        783.34 7383.86385    7383.98   8.0 1 1 
	        821.97 7272.90987   7272.936   8.0 1 1 
	        893.59 7067.31168   7067.218   8.0 1 1 
	        929.11  6965.4111   6965.431   8.0 1 1 
	       1029.28 6678.14789  6678.2766   8.0 1 1 
	       1125.53 6402.24346   6402.248   8.0 1 1 
	       1215.95 6143.00114  6143.0627   8.0 1 1 
	       1232.28 6096.18498   6096.163   8.0 1 1 
	       1317.26 5852.40091  5852.4878   8.0 1 1 
	       1520.03 5269.68887   5269.537   8.0 1 1 
	       1555.48 5167.62435   5167.487   8.0 1 1 
	       1695.11  4764.7232   4764.865   8.0 1 1 
	function chebyshev
	order 4
	sample *
	naverage 1
	niterate 0
	low_reject 3.
	high_reject 3.
	grow 0.
	coefficients	8
		1.
		4.
		147.8255462646484
		1695.107299804687
		6990.944933340801
		-2227.215706242627
		3.616677545827298
		-2.62270444933174

# Thu 00:52:49 02-Nov-2017
begin	identify pcomp_medcomb[*,240]
	id	pcomp_medcomb
	task	identify
	image	pcomp_medcomb[*,240]
	units	Angstroms
	features	20
	        147.88 9224.38847   9224.499   8.0 1 1 
	        182.46  9123.1844   9122.967   8.0 1 1 
	        338.73  8667.6031   8667.944   8.0 1 1 
	        389.04 8521.51803   8521.441   8.0 1 1 
	        477.68 8264.69696   8264.521   8.0 1 1 
	        587.27 7948.10153   7948.175   8.0 1 1 
	        665.04 7723.94012   7723.761   8.0 1 1 
	        695.90 7635.09384   7635.105   8.0 1 1 
	        783.26 7383.88377    7383.98   8.0 1 1 
	        821.88  7272.9373   7272.936   8.0 1 1 
	        893.51 7067.30295   7067.218   8.0 1 1 
	        929.00 6965.46987   6965.431   8.0 1 1 
	       1029.20 6678.11016  6678.2766   8.0 1 1 
	       1125.42 6402.24465   6402.248   8.0 1 1 
	       1215.83 6143.02692  6143.0627   8.0 1 1 
	       1232.17 6096.18334   6096.163   8.0 1 1 
	       1317.14 5852.40181  5852.4878   8.0 1 1 
	       1519.91 5269.62029   5269.537   8.0 1 1 
	       1555.31 5167.66508   5167.487   8.0 1 1 
	       1694.94 4764.73249   4764.865   8.0 1 1 
	function chebyshev
	order 4
	sample *
	naverage 1
	niterate 0
	low_reject 3.
	high_reject 3.
	grow 0.
	coefficients	8
		1.
		4.
		147.8792877197266
		1694.93505859375
		6990.903524045595
		-2227.176236933775
		3.65695885044372
		-2.651751634702358

# Thu 00:52:49 02-Nov-2017
begin	identify pcomp_medcomb[*,225]
	id	pcomp_medcomb
	task	identify
	image	pcomp_medcomb[*,225]
	units	Angstroms
	features	20
	        147.87 9224.38741   9224.499   8.0 1 1 
	        182.44 9123.21627   9122.967   8.0 1 1 
	        338.71 8667.58287   8667.944   8.0 1 1 
	        389.02 8521.47583   8521.441   8.0 1 1 
	        477.64 8264.67206   8264.521   8.0 1 1 
	        587.22 7948.08344   7948.175   8.0 1 1 
	        664.96 7723.99125   7723.761   8.0 1 1 
	        695.83 7635.11815   7635.105   8.0 1 1 
	        783.16 7383.95563    7383.98   8.0 1 1 
	        821.78 7272.99844   7272.936   8.0 1 1 
	        893.45 7067.21096   7067.218   8.0 1 1 
	        928.92 6965.43398   6965.431   8.0 1 1 
	       1029.10 6678.11667  6678.2766   8.0 1 1 
	       1125.33 6402.21314   6402.248   8.0 1 1 
	       1215.73 6143.00312  6143.0627   8.0 1 1 
	       1232.05  6096.2004   6096.163   8.0 1 1 
	       1317.02 5852.40898  5852.4878   8.0 1 1 
	       1519.76 5269.69686   5269.537   8.0 1 1 
	       1555.21  5167.6129   5167.487   8.0 1 1 
	       1694.81 4764.72674   4764.865   8.0 1 1 
	function chebyshev
	order 4
	sample *
	naverage 1
	niterate 0
	low_reject 3.
	high_reject 3.
	grow 0.
	coefficients	8
		1.
		4.
		147.8708953857422
		1694.8134765625
		6990.868317756
		-2227.189208523635
		3.688756276983889
		-2.641128117020944

# Thu 00:52:49 02-Nov-2017
begin	identify pcomp_medcomb[*,210]
	id	pcomp_medcomb
	task	identify
	image	pcomp_medcomb[*,210]
	units	Angstroms
	features	20
	        147.84 9224.40084   9224.499   8.0 1 1 
	        182.41 9123.20487   9122.967   8.0 1 1 
	        338.70 8667.48993   8667.944   8.0 1 1 
	        388.96 8521.53001   8521.441   8.0 1 1 
	        477.59 8264.69179   8264.521   8.0 1 1 
	        587.12 7948.20146   7948.175   8.0 1 1 
	        664.91  7723.9782   7723.761   8.0 1 1 
	        695.76 7635.13035   7635.105   8.0 1 1 
	        783.11 7383.91628    7383.98   8.0 1 1 
	        821.74 7272.89762   7272.936   8.0 1 1 
	        893.39 7067.17628   7067.218   8.0 1 1 
	        928.83 6965.47406   6965.431   8.0 1 1 
	       1029.02  6678.1082  6678.2766   8.0 1 1 
	       1125.23 6402.23507   6402.248   8.0 1 1 
	       1215.63 6142.99528  6143.0627   8.0 1 1 
	       1231.93 6096.22274   6096.163   8.0 1 1 
	       1316.90 5852.42361  5852.4878   8.0 1 1 
	       1519.62 5269.68266   5269.537   8.0 1 1 
	       1555.04 5167.63271   5167.487   8.0 1 1 
	       1694.63 4764.71313   4764.865   8.0 1 1 
	function chebyshev
	order 4
	sample *
	naverage 1
	niterate 0
	low_reject 3.
	high_reject 3.
	grow 0.
	coefficients	8
		1.
		4.
		147.8413543701172
		1694.632202148438
		6990.908948850744
		-2227.18774262913
		3.648039544188855
		-2.656111355389556

# Thu 00:52:49 02-Nov-2017
begin	identify pcomp_medcomb[*,195]
	id	pcomp_medcomb
	task	identify
	image	pcomp_medcomb[*,195]
	units	Angstroms
	features	20
	        147.80 9224.59366   9224.499   8.0 1 1 
	        182.52 9122.92186   9122.967   8.0 1 1 
	        338.64 8667.65866   8667.944   8.0 1 1 
	        388.97 8521.43875   8521.441   8.0 1 1 
	        477.57 8264.67271   8264.521   8.0 1 1 
	        587.05 7948.27339   7948.175   8.0 1 1 
	        664.81 7724.09572   7723.761   8.0 1 1 
	        695.71 7635.11289   7635.105   8.0 1 1 
	        783.07 7383.82498    7383.98   8.0 1 1 
	        821.70 7272.80142   7272.936   8.0 1 1 
	        893.32 7067.15583   7067.218   8.0 1 1 
	        928.74 6965.49461   6965.431   8.0 1 1 
	       1028.91 6678.12172  6678.2766   8.0 1 1 
	       1125.12 6402.23817   6402.248   8.0 1 1 
	       1215.51 6143.00014  6143.0627   8.0 1 1 
	       1231.81 6096.24195   6096.163   8.0 1 1 
	       1316.76 5852.43832  5852.4878   8.0 1 1 
	       1519.48 5269.66717   5269.537   8.0 1 1 
	       1554.89 5167.65483   5167.487   8.0 1 1 
	       1694.47 4764.69833   4764.865   8.0 1 1 
	function chebyshev
	order 4
	sample *
	naverage 1
	niterate 0
	low_reject 3.
	high_reject 3.
	grow 0.
	coefficients	8
		1.
		4.
		147.79638671875
		1694.472412109375
		6990.978341044585
		-2227.289123298075
		3.667652256090097
		-2.65854073200842

# Thu 00:52:49 02-Nov-2017
begin	identify pcomp_medcomb[*,180]
	id	pcomp_medcomb
	task	identify
	image	pcomp_medcomb[*,180]
	units	Angstroms
	features	20
	        147.76 9224.76431   9224.499   8.0 1 1 
	        182.62 9122.66977   9122.967   8.0 1 1 
	        338.57 8667.81404   8667.944   8.0 1 1 
	        388.97 8521.38811   8521.441   8.0 1 1 
	        477.52 8264.70004   8264.521   8.0 1 1 
	        587.00 7948.28992   7948.175   8.0 1 1 
	        664.78 7724.02012   7723.761   8.0 1 1 
	        695.67  7635.0453   7635.105   8.0 1 1 
	        783.00 7383.81658    7383.98   8.0 1 1 
	        821.61 7272.85301   7272.936   8.0 1 1 
	        893.23 7067.16295   7067.218   8.0 1 1 
	        928.65 6965.48681   6965.431   8.0 1 1 
	       1028.81 6678.15297  6678.2766   8.0 1 1 
	       1125.00 6402.27332   6402.248   8.0 1 1 
	       1215.39  6142.9977  6143.0627   8.0 1 1 
	       1231.69 6096.23418   6096.163   8.0 1 1 
	       1316.63 5852.45268  5852.4878   8.0 1 1 
	       1519.34 5269.62929   5269.537   8.0 1 1 
	       1554.75 5167.61514   5167.487   8.0 1 1 
	       1694.29 4764.73887   4764.865   8.0 1 1 
	function chebyshev
	order 4
	sample *
	naverage 1
	niterate 0
	low_reject 3.
	high_reject 3.
	grow 0.
	coefficients	8
		1.
		4.
		147.7593078613281
		1694.293579101563
		6991.06102055054
		-2227.340589991265
		3.690567524992843
		-2.672132532973607

# Thu 00:52:49 02-Nov-2017
begin	identify pcomp_medcomb[*,165]
	id	pcomp_medcomb
	task	identify
	image	pcomp_medcomb[*,165]
	units	Angstroms
	features	20
	        147.72 9224.85939   9224.499   8.0 1 1 
	        182.66  9122.5318   9122.967   8.0 1 1 
	        338.54 8667.84392   8667.944   8.0 1 1 
	        388.91 8521.46776   8521.441   8.0 1 1 
	        477.50 8264.65027   8264.521   8.0 1 1 
	        586.96 7948.27554   7948.175   8.0 1 1 
	        664.77 7723.89768   7723.761   8.0 1 1 
	        695.61 7635.05212   7635.105   8.0 1 1 
	        782.88 7383.97069    7383.98   8.0 1 1 
	        821.54 7272.86207   7272.936   8.0 1 1 
	        893.14 7067.20181   7067.218   8.0 1 1 
	        928.59 6965.43204   6965.431   8.0 1 1 
	       1028.72 6678.14957  6678.2766   8.0 1 1 
	       1124.91   6402.251   6402.248   8.0 1 1 
	       1215.29 6142.97951  6143.0627   8.0 1 1 
	       1231.58 6096.22507   6096.163   8.0 1 1 
	       1316.52 5852.43079  5852.4878   8.0 1 1 
	       1519.18  5269.6517   5269.537   8.0 1 1 
	       1554.58 5167.66842   5167.487   8.0 1 1 
	       1694.13 4764.70395   4764.865   8.0 1 1 
	function chebyshev
	order 4
	sample *
	naverage 1
	niterate 0
	low_reject 3.
	high_reject 3.
	grow 0.
	coefficients	8
		1.
		4.
		147.7240600585938
		1694.125732421875
		6991.107591448404
		-2227.398881765348
		3.674075536361051
		-2.678838696414685

# Thu 00:52:49 02-Nov-2017
begin	identify pcomp_medcomb[*,150]
	id	pcomp_medcomb
	task	identify
	image	pcomp_medcomb[*,150]
	units	Angstroms
	features	20
	        147.69 9224.75776   9224.499   8.0 1 1 
	        182.58  9122.5732   9122.967   8.0 1 1 
	        338.42 8667.96848   8667.944   8.0 1 1 
	        388.82 8521.52313   8521.441   8.0 1 1 
	        477.45 8264.58332   8264.521   8.0 1 1 
	        586.89 7948.25192   7948.175   8.0 1 1 
	        664.68 7723.90629   7723.761   8.0 1 1 
	        695.55 7634.98505   7635.105   8.0 1 1 
	        782.78 7383.98019    7383.98   8.0 1 1 
	        821.42 7272.92213   7272.936   8.0 1 1 
	        893.05 7067.17048   7067.218   8.0 1 1 
	        928.51 6965.36983   6965.431   8.0 1 1 
	       1028.60 6678.14423  6678.2766   8.0 1 1 
	       1124.78 6402.26324   6402.248   8.0 1 1 
	       1215.14 6143.01483  6143.0627   8.0 1 1 
	       1231.44    6096.24   6096.163   8.0 1 1 
	       1316.37 5852.43969  5852.4878   8.0 1 1 
	       1519.03 5269.61935   5269.537   8.0 1 1 
	       1554.39 5167.71071   5167.487   8.0 1 1 
	       1693.95 4764.68127   4764.865   8.0 1 1 
	function chebyshev
	order 4
	sample *
	naverage 1
	niterate 0
	low_reject 3.
	high_reject 3.
	grow 0.
	coefficients	8
		1.
		4.
		147.6919708251953
		1693.945434570313
		6991.081017401791
		-2227.36271107648
		3.63849849953105
		-2.675531987593381

# Thu 00:52:49 02-Nov-2017
begin	identify pcomp_medcomb[*,135]
	id	pcomp_medcomb
	task	identify
	image	pcomp_medcomb[*,135]
	units	Angstroms
	features	20
	        147.75 9224.73003   9224.499   8.0 1 1 
	        182.62 9122.58184   9122.967   8.0 1 1 
	        338.42  8668.0174   8667.944   8.0 1 1 
	        388.84 8521.49222   8521.441   8.0 1 1 
	        477.43 8264.59972   8264.521   8.0 1 1 
	        586.86 7948.24559   7948.175   8.0 1 1 
	        664.63 7723.92356   7723.761   8.0 1 1 
	        695.47 7635.08558   7635.105   8.0 1 1 
	        782.79 7383.80838    7383.98   8.0 1 1 
	        821.36 7272.94186   7272.936   8.0 1 1 
	        892.99  7067.1553   7067.218   8.0 1 1 
	        928.44 6965.36122   6965.431   8.0 1 1 
	       1028.53  6678.1406  6678.2766   8.0 1 1 
	       1124.68 6402.28758   6402.248   8.0 1 1 
	       1215.04 6143.04547  6143.0627   8.0 1 1 
	       1231.35 6096.24019   6096.163   8.0 1 1 
	       1316.25 5852.46783  5852.4878   8.0 1 1 
	       1518.89 5269.64806   5269.537   8.0 1 1 
	       1554.28 5167.63181   5167.487   8.0 1 1 
	       1693.78 4764.70085   4764.865   8.0 1 1 
	function chebyshev
	order 4
	sample *
	naverage 1
	niterate 0
	low_reject 3.
	high_reject 3.
	grow 0.
	coefficients	8
		1.
		4.
		147.7513732910156
		1693.7822265625
		6991.057293325494
		-2227.323553324692
		3.658148687102293
		-2.691034658843655

# Thu 00:52:49 02-Nov-2017
begin	identify pcomp_medcomb[*,120]
	id	pcomp_medcomb
	task	identify
	image	pcomp_medcomb[*,120]
	units	Angstroms
	features	20
	        147.90 9224.59854   9224.499   8.0 1 1 
	        182.68 9122.69794   9122.967   8.0 1 1 
	        338.44 8668.08145   8667.944   8.0 1 1 
	        388.87 8521.47555   8521.441   8.0 1 1 
	        477.44 8264.59998   8264.521   8.0 1 1 
	        586.83 7948.29109   7948.175   8.0 1 1 
	        664.60 7723.92094   7723.761   8.0 1 1 
	        695.47 7634.98605   7635.105   8.0 1 1 
	        782.73 7383.82227    7383.98   8.0 1 1 
	        821.31  7272.9086   7272.936   8.0 1 1 
	        892.91 7067.20337   7067.218   8.0 1 1 
	        928.38  6965.3458   6965.431   8.0 1 1 
	       1028.46 6678.10754  6678.2766   8.0 1 1 
	       1124.59 6402.29947   6402.248   8.0 1 1 
	       1214.93 6143.06913  6143.0627   8.0 1 1 
	       1231.24 6096.25263   6096.163   8.0 1 1 
	       1316.14 5852.46716  5852.4878   8.0 1 1 
	       1518.74 5269.68052   5269.537   8.0 1 1 
	       1554.15 5167.60711   5167.487   8.0 1 1 
	       1693.62 4764.68996   4764.865   8.0 1 1 
	function chebyshev
	order 4
	sample *
	naverage 1
	niterate 0
	low_reject 3.
	high_reject 3.
	grow 0.
	coefficients	8
		1.
		4.
		147.9035949707031
		1693.62060546875
		6990.927010778735
		-2227.233515963177
		3.717241004220164
		-2.720772824001559

# Thu 00:52:49 02-Nov-2017
begin	identify pcomp_medcomb[*,105]
	id	pcomp_medcomb
	task	identify
	image	pcomp_medcomb[*,105]
	units	Angstroms
	features	20
	        148.02 9224.46124   9224.499   8.0 1 1 
	        182.68 9122.87595   9122.967   8.0 1 1 
	        338.45 8668.08969   8667.944   8.0 1 1 
	        388.91 8521.37481   8521.441   8.0 1 1 
	        477.40 8264.65409   8264.521   8.0 1 1 
	        586.79 7948.27812   7948.175   8.0 1 1 
	        664.54 7723.94269   7723.761   8.0 1 1 
	        695.41 7634.99849   7635.105   8.0 1 1 
	        782.66 7383.82975    7383.98   8.0 1 1 
	        821.25 7272.84815   7272.936   8.0 1 1 
	        892.81 7067.21665   7067.218   8.0 1 1 
	        928.28 6965.36829   6965.431   8.0 1 1 
	       1028.35 6678.11736  6678.2766   8.0 1 1 
	       1124.48 6402.26836   6402.248   8.0 1 1 
	       1214.80 6143.06159  6143.0627   8.0 1 1 
	       1231.10 6096.26345   6096.163   8.0 1 1 
	       1316.00   5852.479  5852.4878   8.0 1 1 
	       1518.58 5269.66569   5269.537   8.0 1 1 
	       1553.97 5167.63041   5167.487   8.0 1 1 
	       1693.44 4764.68131   4764.865   8.0 1 1 
	function chebyshev
	order 4
	sample *
	naverage 1
	niterate 0
	low_reject 3.
	high_reject 3.
	grow 0.
	coefficients	8
		1.
		4.
		148.0200653076172
		1693.443115234375
		6990.802434238022
		-2227.153591432388
		3.768838927899569
		-2.736373852891298

# Thu 00:52:49 02-Nov-2017
begin	identify pcomp_medcomb[*,90]
	id	pcomp_medcomb
	task	identify
	image	pcomp_medcomb[*,90]
	units	Angstroms
	features	20
	        148.10 9224.31124   9224.499   8.0 1 1 
	        182.65  9123.0185   9122.967   8.0 1 1 
	        338.40 8668.18909   8667.944   8.0 1 1 
	        388.91 8521.31341   8521.441   8.0 1 1 
	        477.36  8264.6652   8264.521   8.0 1 1 
	        586.77 7948.19493   7948.175   8.0 1 1 
	        664.48 7723.92909   7723.761   8.0 1 1 
	        695.32 7635.05782   7635.105   8.0 1 1 
	        782.56 7383.88652    7383.98   8.0 1 1 
	        821.17  7272.8446   7272.936   8.0 1 1 
	        892.75 7067.15821   7067.218   8.0 1 1 
	        928.20 6965.33886   6965.431   8.0 1 1 
	       1028.25 6678.11309  6678.2766   8.0 1 1 
	       1124.37 6402.26938   6402.248   8.0 1 1 
	       1214.68 6143.05966  6143.0627   8.0 1 1 
	       1230.97 6096.29758   6096.163   8.0 1 1 
	       1315.86 5852.48013  5852.4878   8.0 1 1 
	       1518.41 5269.66736   5269.537   8.0 1 1 
	       1553.79 5167.64878   5167.487   8.0 1 1 
	       1693.24 4764.66164   4764.865   8.0 1 1 
	function chebyshev
	order 4
	sample *
	naverage 1
	niterate 0
	low_reject 3.
	high_reject 3.
	grow 0.
	coefficients	8
		1.
		4.
		148.0987854003906
		1693.237548828125
		6990.722899941544
		-2227.057559327883
		3.763541966061302
		-2.767241087680508

# Thu 00:52:49 02-Nov-2017
begin	identify pcomp_medcomb[*,75]
	id	pcomp_medcomb
	task	identify
	image	pcomp_medcomb[*,75]
	units	Angstroms
	features	20
	        148.08  9224.4042   9224.499   8.0 1 1 
	        182.69 9122.92174   9122.967   8.0 1 1 
	        338.40  8668.1924   8667.944   8.0 1 1 
	        388.86  8521.4288   8521.441   8.0 1 1 
	        477.43 8264.40739   8264.521   8.0 1 1 
	        586.71  7948.2672   7948.175   8.0 1 1 
	        664.44 7723.93433   7723.761   8.0 1 1 
	        695.25 7635.12587   7635.105   8.0 1 1 
	        782.49 7383.93254    7383.98   8.0 1 1 
	        821.11 7272.84329   7272.936   8.0 1 1 
	        892.67 7067.14518   7067.218   8.0 1 1 
	        928.12 6965.31692   6965.431   8.0 1 1 
	       1028.15 6678.12951  6678.2766   8.0 1 1 
	       1124.26 6402.26081   6402.248   8.0 1 1 
	       1214.56 6143.04931  6143.0627   8.0 1 1 
	       1230.85  6096.2845   6096.163   8.0 1 1 
	       1315.73 5852.48729  5852.4878   8.0 1 1 
	       1518.26 5269.66752   5269.537   8.0 1 1 
	       1553.64 5167.62314   5167.487   8.0 1 1 
	       1693.07 4764.68317   4764.865   8.0 1 1 
	function chebyshev
	order 4
	sample *
	naverage 1
	niterate 0
	low_reject 3.
	high_reject 3.
	grow 0.
	coefficients	8
		1.
		4.
		148.0822143554688
		1693.065185546875
		6990.770416817839
		-2227.109399073287
		3.773265315955642
		-2.751115499539173

# Thu 00:52:49 02-Nov-2017
begin	identify pcomp_medcomb[*,60]
	id	pcomp_medcomb
	task	identify
	image	pcomp_medcomb[*,60]
	units	Angstroms
	features	20
	        148.09 9224.51084   9224.499   8.0 1 1 
	        182.75 9122.84983   9122.967   8.0 1 1 
	        338.45 8668.07545   8667.944   8.0 1 1 
	        388.84 8521.47826   8521.441   8.0 1 1 
	        477.43 8264.37677   8264.521   8.0 1 1 
	        586.68 7948.24975   7948.175   8.0 1 1 
	        664.35 7724.07159   7723.761   8.0 1 1 
	        695.21 7635.09234   7635.105   8.0 1 1 
	        782.43  7383.9057    7383.98   8.0 1 1 
	        821.03 7272.84778   7272.936   8.0 1 1 
	        892.58  7067.1485   7067.218   8.0 1 1 
	        928.01 6965.37422   6965.431   8.0 1 1 
	       1028.04 6678.11401  6678.2766   8.0 1 1 
	       1124.14  6402.2451   6402.248   8.0 1 1 
	       1214.42 6143.03587  6143.0627   8.0 1 1 
	       1230.71 6096.26637   6096.163   8.0 1 1 
	       1315.58 5852.46046  5852.4878   8.0 1 1 
	       1518.08 5269.65413   5269.537   8.0 1 1 
	       1553.44   5167.674   5167.487   8.0 1 1 
	       1692.88 4764.67413   4764.865   8.0 1 1 
	function chebyshev
	order 4
	sample *
	naverage 1
	niterate 0
	low_reject 3.
	high_reject 3.
	grow 0.
	coefficients	8
		1.
		4.
		148.0865020751953
		1692.880493164062
		6990.790252390698
		-2227.184988368596
		3.802232088563018
		-2.733365504850217

# Thu 00:52:49 02-Nov-2017
begin	identify pcomp_medcomb[*,45]
	id	pcomp_medcomb
	task	identify
	image	pcomp_medcomb[*,45]
	units	Angstroms
	features	20
	        148.17 9224.39698   9224.499   8.0 1 1 
	        182.75 9122.97634   9122.967   8.0 1 1 
	        338.44 8668.12973   8667.944   8.0 1 1 
	        388.86 8521.42315   8521.441   8.0 1 1 
	        477.40 8264.40029   8264.521   8.0 1 1 
	        586.64 7948.26168   7948.175   8.0 1 1 
	        664.34 7723.93704   7723.761   8.0 1 1 
	        695.14 7635.10723   7635.105   8.0 1 1 
	        782.36 7383.89868    7383.98   8.0 1 1 
	        820.94 7272.87679   7272.936   8.0 1 1 
	        892.49 7067.15555   7067.218   8.0 1 1 
	        927.90 6965.42205   6965.431   8.0 1 1 
	       1027.93 6678.13973  6678.2766   8.0 1 1 
	       1124.02 6402.24469   6402.248   8.0 1 1 
	       1214.30 6143.02493  6143.0627   8.0 1 1 
	       1230.58 6096.26442   6096.163   8.0 1 1 
	       1315.44  5852.4552  5852.4878   8.0 1 1 
	       1517.92  5269.6428   5269.537   8.0 1 1 
	       1553.28 5167.65302   5167.487   8.0 1 1 
	       1692.68 4764.69482   4764.865   8.0 1 1 
	function chebyshev
	order 4
	sample *
	naverage 1
	niterate 0
	low_reject 3.
	high_reject 3.
	grow 0.
	coefficients	8
		1.
		4.
		148.171875
		1692.683227539063
		6990.716783224518
		-2227.106486762614
		3.829118715836183
		-2.744594756864248

# Thu 00:52:49 02-Nov-2017
begin	identify pcomp_medcomb[*,30]
	id	pcomp_medcomb
	task	identify
	image	pcomp_medcomb[*,30]
	units	Angstroms
	features	20
	        148.15  9224.4882   9224.499   8.0 1 1 
	        182.81 9122.81183   9122.967   8.0 1 1 
	        338.44 8668.12735   8667.944   8.0 1 1 
	        388.80  8521.5759   8521.441   8.0 1 1 
	        477.37 8264.43334   8264.521   8.0 1 1 
	        586.62 7948.24645   7948.175   8.0 1 1 
	        664.33 7723.85807   7723.761   8.0 1 1 
	        695.13 7635.02885   7635.105   8.0 1 1 
	        782.33 7383.84338    7383.98   8.0 1 1 
	        820.86 7272.94086   7272.936   8.0 1 1 
	        892.43 7067.15105   7067.218   8.0 1 1 
	        927.81 6965.46134   6965.431   8.0 1 1 
	       1027.83 6678.14685  6678.2766   8.0 1 1 
	       1123.91  6402.2668   6402.248   8.0 1 1 
	       1214.18 6143.03634  6143.0627   8.0 1 1 
	       1230.46 6096.25671   6096.163   8.0 1 1 
	       1315.31 5852.45294  5852.4878   8.0 1 1 
	       1517.76 5269.62463   5269.537   8.0 1 1 
	       1553.11 5167.65643   5167.487   8.0 1 1 
	       1692.49 4764.69778   4764.865   8.0 1 1 
	function chebyshev
	order 4
	sample *
	naverage 1
	niterate 0
	low_reject 3.
	high_reject 3.
	grow 0.
	coefficients	8
		1.
		4.
		148.1464385986328
		1692.492309570313
		6990.792256540319
		-2227.165215932669
		3.800734913849506
		-2.729995841981899

# Thu 00:52:49 02-Nov-2017
begin	identify pcomp_medcomb[*,15]
	id	pcomp_medcomb
	task	identify
	image	pcomp_medcomb[*,15]
	units	Angstroms
	features	20
	        148.09 9224.51184   9224.499   8.0 1 1 
	        182.75 9122.83459   9122.967   8.0 1 1 
	        338.45 8667.97014   8667.944   8.0 1 1 
	        388.75 8521.61951   8521.441   8.0 1 1 
	        477.30 8264.53594   8264.521   8.0 1 1 
	        586.60 7948.18631   7948.175   8.0 1 1 
	        664.27 7723.89141   7723.761   8.0 1 1 
	        695.09 7635.00846   7635.105   8.0 1 1 
	        782.29 7383.77608    7383.98   8.0 1 1 
	        820.79 7272.97095   7272.936   8.0 1 1 
	        892.31 7067.25238   7067.218   8.0 1 1 
	        927.73 6965.46312   6965.431   8.0 1 1 
	       1027.74 6678.11389  6678.2766   8.0 1 1 
	       1123.79 6402.26435   6402.248   8.0 1 1 
	       1214.04 6143.03507  6143.0627   8.0 1 1 
	       1230.33 6096.23571   6096.163   8.0 1 1 
	       1315.16 5852.45044  5852.4878   8.0 1 1 
	       1517.56 5269.68922   5269.537   8.0 1 1 
	       1552.96 5167.57677   5167.487   8.0 1 1 
	       1692.30 4764.71892   4764.865   8.0 1 1 
	function chebyshev
	order 4
	sample *
	naverage 1
	niterate 0
	low_reject 3.
	high_reject 3.
	grow 0.
	coefficients	8
		1.
		4.
		148.0853576660156
		1692.295776367188
		6990.867369436526
		-2227.208737809772
		3.748011231544236
		-2.68772632643186

# Thu 00:52:49 02-Nov-2017
begin	identify pcomp_medcomb[*,465]
	id	pcomp_medcomb
	task	identify
	image	pcomp_medcomb[*,465]
	units	Angstroms
	features	20
	        148.32 9224.48651   9224.499   8.0 1 1 
	        183.02 9123.04208   9122.967   8.0 1 1 
	        339.38 8667.74314   8667.944   8.0 1 1 
	        389.78 8521.53231   8521.441   8.0 1 1 
	        478.62 8264.42588   8264.521   8.0 1 1 
	        588.21 7948.15162   7948.175   8.0 1 1 
	        666.07 7724.00634   7723.761   8.0 1 1 
	        696.90 7635.31755   7635.105   8.0 1 1 
	        784.43 7383.87731    7383.98   8.0 1 1 
	        823.14 7272.78708   7272.936   8.0 1 1 
	        894.80 7067.28045   7067.218   8.0 1 1 
	        930.33 6965.44049   6965.431   8.0 1 1 
	       1030.62 6678.11403  6678.2766   8.0 1 1 
	       1126.94 6402.23972   6402.248   8.0 1 1 
	       1217.44 6143.00553  6143.0627   8.0 1 1 
	       1233.77 6096.23722   6096.163   8.0 1 1 
	       1318.84 5852.40429  5852.4878   8.0 1 1 
	       1521.81 5269.64488   5269.537   8.0 1 1 
	       1557.27 5167.63428   5167.487   8.0 1 1 
	       1697.02  4764.7344   4764.865   8.0 1 1 
	function chebyshev
	order 4
	sample *
	naverage 1
	niterate 0
	low_reject 3.
	high_reject 3.
	grow 0.
	coefficients	8
		1.
		4.
		148.316162109375
		1697.024658203125
		6990.995673401246
		-2227.246088841057
		3.614781292341619
		-2.629962694756143

# Thu 00:52:49 02-Nov-2017
begin	identify pcomp_medcomb[*,480]
	id	pcomp_medcomb
	task	identify
	image	pcomp_medcomb[*,480]
	units	Angstroms
	features	20
	        148.23 9224.77564   9224.499   8.0 1 1 
	        183.17 9122.64728   9122.967   8.0 1 1 
	        339.31 8667.99487   8667.944   8.0 1 1 
	        389.85 8521.40785   8521.441   8.0 1 1 
	        478.67 8264.37179   8264.521   8.0 1 1 
	        588.25  7948.1569   7948.175   8.0 1 1 
	        666.09 7724.03574   7723.761   8.0 1 1 
	        696.95 7635.31812   7635.105   8.0 1 1 
	        784.47 7383.87923    7383.98   8.0 1 1 
	        823.18 7272.80192   7272.936   8.0 1 1 
	        894.86 7067.25151   7067.218   8.0 1 1 
	        930.38 6965.43691   6965.431   8.0 1 1 
	       1030.66 6678.14293  6678.2766   8.0 1 1 
	       1127.00 6402.22496   6402.248   8.0 1 1 
	       1217.50 6143.01451  6143.0627   8.0 1 1 
	       1233.83 6096.23136   6096.163   8.0 1 1 
	       1318.91 5852.41244  5852.4878   8.0 1 1 
	       1521.88  5269.6895   5269.537   8.0 1 1 
	       1557.38  5167.5473   5167.487   8.0 1 1 
	       1697.10 4764.76432   4764.865   8.0 1 1 
	function chebyshev
	order 4
	sample *
	naverage 1
	niterate 0
	low_reject 3.
	high_reject 3.
	grow 0.
	coefficients	8
		1.
		4.
		148.2313842773438
		1697.097900390625
		6991.156662222968
		-2227.37642251709
		3.61331733287507
		-2.629236068435196

# Thu 00:52:49 02-Nov-2017
begin	identify pcomp_medcomb[*,495]
	id	pcomp_medcomb
	task	identify
	image	pcomp_medcomb[*,495]
	units	Angstroms
	features	20
	        148.27 9224.78647   9224.499   8.0 1 1 
	        183.22 9122.62569   9122.967   8.0 1 1 
	        339.33 8668.09973   8667.944   8.0 1 1 
	        389.97 8521.23837   8521.441   8.0 1 1 
	        478.71 8264.44006   8264.521   8.0 1 1 
	        588.29 7948.23727   7948.175   8.0 1 1 
	        666.19 7723.95633   7723.761   8.0 1 1 
	        697.02 7635.31199   7635.105   8.0 1 1 
	        784.54 7383.89081    7383.98   8.0 1 1 
	        823.25 7272.80534   7272.936   8.0 1 1 
	        894.94 7067.22211   7067.218   8.0 1 1 
	        930.44 6965.47826   6965.431   8.0 1 1 
	       1030.74 6678.15051  6678.2766   8.0 1 1 
	       1127.09  6402.2068   6402.248   8.0 1 1 
	       1217.59 6143.00911  6143.0627   8.0 1 1 
	       1233.93 6096.21089   6096.163   8.0 1 1 
	       1319.00 5852.41131  5852.4878   8.0 1 1 
	       1521.98  5269.6712   5269.537   8.0 1 1 
	       1557.46  5167.6198   5167.487   8.0 1 1 
	       1697.22 4764.73306   4764.865   8.0 1 1 
	function chebyshev
	order 4
	sample *
	naverage 1
	niterate 0
	low_reject 3.
	high_reject 3.
	grow 0.
	coefficients	8
		1.
		4.
		148.2683715820313
		1697.22265625
		6991.144492827622
		-2227.409855504679
		3.615273817180449
		-2.616852567653672

# Thu 00:52:49 02-Nov-2017
begin	identify pcomp_medcomb[*,510]
	id	pcomp_medcomb
	task	identify
	image	pcomp_medcomb[*,510]
	units	Angstroms
	features	20
	        148.38 9224.62612   9224.499   8.0 1 1 
	        183.20 9122.84487   9122.967   8.0 1 1 
	        339.42 8668.02947   8667.944   8.0 1 1 
	        390.04 8521.20984   8521.441   8.0 1 1 
	        478.75 8264.50986   8264.521   8.0 1 1 
	        588.36 7948.23912   7948.175   8.0 1 1 
	        666.28 7723.92377   7723.761   8.0 1 1 
	        697.12  7635.2467   7635.105   8.0 1 1 
	        784.61 7383.92997    7383.98   8.0 1 1 
	        823.33 7272.82279   7272.936   8.0 1 1 
	        895.03 7067.21432   7067.218   8.0 1 1 
	        930.52  6965.4917   6965.431   8.0 1 1 
	       1030.83 6678.15771  6678.2766   8.0 1 1 
	       1127.19 6402.21309   6402.248   8.0 1 1 
	       1217.69 6143.01359  6143.0627   8.0 1 1 
	       1234.03 6096.21221   6096.163   8.0 1 1 
	       1319.10 5852.41084  5852.4878   8.0 1 1 
	       1522.09 5269.68372   5269.537   8.0 1 1 
	       1557.58 5167.56846   5167.487   8.0 1 1 
	       1697.33 4764.75695   4764.865   8.0 1 1 
	function chebyshev
	order 4
	sample *
	naverage 1
	niterate 0
	low_reject 3.
	high_reject 3.
	grow 0.
	coefficients	8
		1.
		4.
		148.3797302246094
		1697.328369140625
		6991.081614545926
		-2227.314474116728
		3.609920664226495
		-2.620108475410265

# Thu 00:52:49 02-Nov-2017
begin	identify pcomp_medcomb[*,525]
	id	pcomp_medcomb
	task	identify
	image	pcomp_medcomb[*,525]
	units	Angstroms
	features	20
	        148.49 9224.45606   9224.499   8.0 1 1 
	        183.18 9123.07376   9122.967   8.0 1 1 
	        339.50  8667.9633   8667.944   8.0 1 1 
	        390.10 8521.23314   8521.441   8.0 1 1 
	        478.83 8264.46375   8264.521   8.0 1 1 
	        588.42 7948.26539   7948.175   8.0 1 1 
	        666.35 7723.93351   7723.761   8.0 1 1 
	        697.20 7635.21596   7635.105   8.0 1 1 
	        784.69  7383.9193    7383.98   8.0 1 1 
	        823.40 7272.86284   7272.936   8.0 1 1 
	        895.12 7067.19473   7067.218   8.0 1 1 
	        930.60 6965.50329   6965.431   8.0 1 1 
	       1030.91  6678.1777  6678.2766   8.0 1 1 
	       1127.28 6402.21502   6402.248   8.0 1 1 
	       1217.78 6143.02829  6143.0627   8.0 1 1 
	       1234.13  6096.1894   6096.163   8.0 1 1 
	       1319.20 5852.39969  5852.4878   8.0 1 1 
	       1522.20 5269.65559   5269.537   8.0 1 1 
	       1557.68  5167.5955   5167.487   8.0 1 1 
	       1697.44 4764.75887   4764.865   8.0 1 1 
	function chebyshev
	order 4
	sample *
	naverage 1
	niterate 0
	low_reject 3.
	high_reject 3.
	grow 0.
	coefficients	8
		1.
		4.
		148.4874114990234
		1697.440307617188
		6991.000138449389
		-2227.233059678326
		3.607327706990316
		-2.615532340972052

# Thu 00:52:49 02-Nov-2017
begin	identify pcomp_medcomb[*,540]
	id	pcomp_medcomb
	task	identify
	image	pcomp_medcomb[*,540]
	units	Angstroms
	features	20
	        148.50 9224.48746   9224.499   8.0 1 1 
	        183.19 9123.14834   9122.967   8.0 1 1 
	        339.66 8667.67633   8667.944   8.0 1 1 
	        390.16  8521.2444   8521.441   8.0 1 1 
	        478.86 8264.59703   8264.521   8.0 1 1 
	        588.50 7948.28964   7948.175   8.0 1 1 
	        666.42 7723.98587   7723.761   8.0 1 1 
	        697.29 7635.21592   7635.105   8.0 1 1 
	        784.79 7383.89887    7383.98   8.0 1 1 
	        823.49 7272.86504   7272.936   8.0 1 1 
	        895.21   7067.201   7067.218   8.0 1 1 
	        930.69 6965.51129   6965.431   8.0 1 1 
	       1031.00 6678.16995  6678.2766   8.0 1 1 
	       1127.37 6402.21964   6402.248   8.0 1 1 
	       1217.88 6142.99556  6143.0627   8.0 1 1 
	       1234.23 6096.18182   6096.163   8.0 1 1 
	       1319.31  5852.3777  5852.4878   8.0 1 1 
	       1522.30 5269.67989   5269.537   8.0 1 1 
	       1557.79 5167.60596   5167.487   8.0 1 1 
	       1697.57 4764.75338   4764.865   8.0 1 1 
	function chebyshev
	order 4
	sample *
	naverage 1
	niterate 0
	low_reject 3.
	high_reject 3.
	grow 0.
	coefficients	8
		1.
		4.
		148.5048828125
		1697.570434570312
		6991.032781019297
		-2227.281065411303
		3.587636857765994
		-2.585973554441844

# Thu 00:52:49 02-Nov-2017
begin	identify pcomp_medcomb[*,555]
	id	pcomp_medcomb
	task	identify
	image	pcomp_medcomb[*,555]
	units	Angstroms
	features	20
	        148.49 9224.60924   9224.499   8.0 1 1 
	        183.26  9123.0187   9122.967   8.0 1 1 
	        339.73 8667.60436   8667.944   8.0 1 1 
	        390.19 8521.26919   8521.441   8.0 1 1 
	        478.90 8264.62647   8264.521   8.0 1 1 
	        588.52 7948.36554   7948.175   8.0 1 1 
	        666.47 7723.99694   7723.761   8.0 1 1 
	        697.34 7635.23437   7635.105   8.0 1 1 
	        784.87 7383.84971    7383.98   8.0 1 1 
	        823.56 7272.85186   7272.936   8.0 1 1 
	        895.29 7067.17398   7067.218   8.0 1 1 
	        930.77  6965.4989   6965.431   8.0 1 1 
	       1031.08  6678.1542  6678.2766   8.0 1 1 
	       1127.45 6402.22494   6402.248   8.0 1 1 
	       1217.96 6143.00885  6143.0627   8.0 1 1 
	       1234.30 6096.20515   6096.163   8.0 1 1 
	       1319.39 5852.38807  5852.4878   8.0 1 1 
	       1522.40 5269.66505   5269.537   8.0 1 1 
	       1557.89 5167.60305   5167.487   8.0 1 1 
	       1697.67 4764.75652   4764.865   8.0 1 1 
	function chebyshev
	order 4
	sample *
	naverage 1
	niterate 0
	low_reject 3.
	high_reject 3.
	grow 0.
	coefficients	8
		1.
		4.
		148.4944610595703
		1697.667114257812
		6991.103166377382
		-2227.33397884036
		3.579712389380547
		-2.592382676157743

# Thu 00:52:49 02-Nov-2017
begin	identify pcomp_medcomb[*,570]
	id	pcomp_medcomb
	task	identify
	image	pcomp_medcomb[*,570]
	units	Angstroms
	features	20
	        148.55 9224.68498   9224.499   8.0 1 1 
	        183.37 9122.91398   9122.967   8.0 1 1 
	        339.78 8667.64261   8667.944   8.0 1 1 
	        390.27 8521.24575   8521.441   8.0 1 1 
	        478.96 8264.64515   8264.521   8.0 1 1 
	        588.58 7948.39005   7948.175   8.0 1 1 
	        666.56 7723.93922   7723.761   8.0 1 1 
	        697.41 7635.22868   7635.105   8.0 1 1 
	        784.90 7383.95699    7383.98   8.0 1 1 
	        823.63  7272.8438   7272.936   8.0 1 1 
	        895.36 7067.16633   7067.218   8.0 1 1 
	        930.86 6965.43938   6965.431   8.0 1 1 
	       1031.17 6678.13252  6678.2766   8.0 1 1 
	       1127.52 6402.23642   6402.248   8.0 1 1 
	       1218.05   6143.003  6143.0627   8.0 1 1 
	       1234.39 6096.19249   6096.163   8.0 1 1 
	       1319.47 5852.40744  5852.4878   8.0 1 1 
	       1522.48 5269.70561   5269.537   8.0 1 1 
	       1557.98 5167.59072   5167.487   8.0 1 1 
	       1697.75 4764.73998   4764.865   8.0 1 1 
	function chebyshev
	order 4
	sample *
	naverage 1
	niterate 0
	low_reject 3.
	high_reject 3.
	grow 0.
	coefficients	8
		1.
		4.
		148.5462036132813
		1697.753540039063
		6991.125145535777
		-2227.360481985278
		3.587336280916363
		-2.612015728902934

# Thu 00:52:49 02-Nov-2017
begin	identify pcomp_medcomb[*,585]
	id	pcomp_medcomb
	task	identify
	image	pcomp_medcomb[*,585]
	units	Angstroms
	features	20
	        148.59 9224.72103   9224.499   8.0 1 1 
	        183.45 9122.84974   9122.967   8.0 1 1 
	        339.80 8667.74458   8667.944   8.0 1 1 
	        390.34 8521.20449   8521.441   8.0 1 1 
	        479.03 8264.60085   8264.521   8.0 1 1 
	        588.64 7948.37646   7948.175   8.0 1 1 
	        666.61 7723.94345   7723.761   8.0 1 1 
	        697.47 7635.21626   7635.105   8.0 1 1 
	        784.94 7384.01227    7383.98   8.0 1 1 
	        823.69  7272.8486   7272.936   8.0 1 1 
	        895.43  7067.1516   7067.218   8.0 1 1 
	        930.93  6965.4268   6965.431   8.0 1 1 
	       1031.24 6678.12826  6678.2766   8.0 1 1 
	       1127.59 6402.24925   6402.248   8.0 1 1 
	       1218.13  6142.9788  6143.0627   8.0 1 1 
	       1234.46 6096.21395   6096.163   8.0 1 1 
	       1319.55 5852.40628  5852.4878   8.0 1 1 
	       1522.56  5269.6971   5269.537   8.0 1 1 
	       1558.06  5167.5904   5167.487   8.0 1 1 
	       1697.84 4764.74493   4764.865   8.0 1 1 
	function chebyshev
	order 4
	sample *
	naverage 1
	niterate 0
	low_reject 3.
	high_reject 3.
	grow 0.
	coefficients	8
		1.
		4.
		148.5900421142578
		1697.84375
		6991.129533917822
		-2227.375902562949
		3.60344586024095
		-2.61215218949258

# Thu 00:52:49 02-Nov-2017
begin	identify pcomp_medcomb[*,600]
	id	pcomp_medcomb
	task	identify
	image	pcomp_medcomb[*,600]
	units	Angstroms
	features	20
	        148.67 9224.58732   9224.499   8.0 1 1 
	        183.45  9122.9898   9122.967   8.0 1 1 
	        339.86 8667.76815   8667.944   8.0 1 1 
	        390.40 8521.22557   8521.441   8.0 1 1 
	        479.12 8264.58119   8264.521   8.0 1 1 
	        588.76 7948.31011   7948.175   8.0 1 1 
	        666.71 7723.95782   7723.761   8.0 1 1 
	        697.58 7635.21145   7635.105   8.0 1 1 
	        785.04  7384.0288    7383.98   8.0 1 1 
	        823.78 7272.87631   7272.936   8.0 1 1 
	        895.53  7067.1852   7067.218   8.0 1 1 
	        931.06 6965.36223   6965.431   8.0 1 1 
	       1031.35  6678.1229  6678.2766   8.0 1 1 
	       1127.69 6402.25345   6402.248   8.0 1 1 
	       1218.23 6142.98703  6143.0627   8.0 1 1 
	       1234.56 6096.21821   6096.163   8.0 1 1 
	       1319.65  5852.4061  5852.4878   8.0 1 1 
	       1522.66 5269.69928   5269.537   8.0 1 1 
	       1558.16 5167.59913   5167.487   8.0 1 1 
	       1697.95 4764.73504   4764.865   8.0 1 1 
	function chebyshev
	order 4
	sample *
	naverage 1
	niterate 0
	low_reject 3.
	high_reject 3.
	grow 0.
	coefficients	8
		1.
		4.
		148.6714324951172
		1697.946655273437
		6991.114728656541
		-2227.33351537541
		3.546450227614064
		-2.592626024779475

# Thu 00:52:49 02-Nov-2017
begin	identify pcomp_medcomb[*,615]
	id	pcomp_medcomb
	task	identify
	image	pcomp_medcomb[*,615]
	units	Angstroms
	features	20
	        148.75  9224.5587   9224.499   8.0 1 1 
	        183.49 9123.05989   9122.967   8.0 1 1 
	        339.94 8667.73712   8667.944   8.0 1 1 
	        390.46 8521.23895   8521.441   8.0 1 1 
	        479.21 8264.51501   8264.521   8.0 1 1 
	        588.85 7948.22544   7948.175   8.0 1 1 
	        666.74 7724.04506   7723.761   8.0 1 1 
	        697.63  7635.2318   7635.105   8.0 1 1 
	        785.10 7384.03974    7383.98   8.0 1 1 
	        823.84 7272.89627   7272.936   8.0 1 1 
	        895.58 7067.20559   7067.218   8.0 1 1 
	        931.12 6965.36793   6965.431   8.0 1 1 
	       1031.41 6678.11899  6678.2766   8.0 1 1 
	       1127.76 6402.24552   6402.248   8.0 1 1 
	       1218.31 6142.96572  6143.0627   8.0 1 1 
	       1234.63 6096.22058   6096.163   8.0 1 1 
	       1319.72 5852.40907  5852.4878   8.0 1 1 
	       1522.75 5269.67563   5269.537   8.0 1 1 
	       1558.24 5167.58608   5167.487   8.0 1 1 
	       1698.02   4764.762   4764.865   8.0 1 1 
	function chebyshev
	order 4
	sample *
	naverage 1
	niterate 0
	low_reject 3.
	high_reject 3.
	grow 0.
	coefficients	8
		1.
		4.
		148.7525024414063
		1698.021606445312
		6991.090168553398
		-2227.303380632063
		3.570182337306258
		-2.59497141612544

# Thu 00:52:49 02-Nov-2017
begin	identify pcomp_medcomb[*,630]
	id	pcomp_medcomb
	task	identify
	image	pcomp_medcomb[*,630]
	units	Angstroms
	features	20
	        148.83 9224.57238   9224.499   8.0 1 1 
	        183.57 9123.07916   9122.967   8.0 1 1 
	        340.02 8667.75802   8667.944   8.0 1 1 
	        390.58   8521.186   8521.441   8.0 1 1 
	        479.33 8264.45561   8264.521   8.0 1 1 
	        588.96 7948.18368   7948.175   8.0 1 1 
	        666.82 7724.11392   7723.761   8.0 1 1 
	        697.73 7635.22334   7635.105   8.0 1 1 
	        785.19 7384.05802    7383.98   8.0 1 1 
	        823.92 7272.94383   7272.936   8.0 1 1 
	        895.68 7067.20027   7067.218   8.0 1 1 
	        931.21 6965.37965   6965.431   8.0 1 1 
	       1031.50 6678.11598  6678.2766   8.0 1 1 
	       1127.86 6402.22954   6402.248   8.0 1 1 
	       1218.39 6142.97844  6143.0627   8.0 1 1 
	       1234.71 6096.22875   6096.163   8.0 1 1 
	       1319.81 5852.39513  5852.4878   8.0 1 1 
	       1522.84 5269.66494   5269.537   8.0 1 1 
	       1558.36 5167.52901   5167.487   8.0 1 1 
	       1698.12 4764.80943   4764.865   8.0 1 1 
	function chebyshev
	order 4
	sample *
	naverage 1
	niterate 0
	low_reject 3.
	high_reject 3.
	grow 0.
	coefficients	8
		1.
		4.
		148.8267669677734
		1698.115600585937
		6991.121225478875
		-2227.314647692547
		3.569678572115326
		-2.566830926149928

# Thu 00:52:49 02-Nov-2017
begin	identify pcomp_medcomb[*,645]
	id	pcomp_medcomb
	task	identify
	image	pcomp_medcomb[*,645]
	units	Angstroms
	features	20
	        148.89 9224.66945   9224.499   8.0 1 1 
	        183.69 9123.00461   9122.967   8.0 1 1 
	        340.16 8667.65069   8667.944   8.0 1 1 
	        390.64 8521.27992   8521.441   8.0 1 1 
	        479.43 8264.41433   8264.521   8.0 1 1 
	        589.06 7948.17647   7948.175   8.0 1 1 
	        666.90 7724.13405   7723.761   8.0 1 1 
	        697.83 7635.18987   7635.105   8.0 1 1 
	        785.28 7384.05047    7383.98   8.0 1 1 
	        823.98 7272.98914   7272.936   8.0 1 1 
	        895.74 7067.25656   7067.218   8.0 1 1 
	        931.29 6965.38465   6965.431   8.0 1 1 
	       1031.57 6678.13827  6678.2766   8.0 1 1 
	       1127.93 6402.21244   6402.248   8.0 1 1 
	       1218.46  6142.9653  6143.0627   8.0 1 1 
	       1234.79 6096.19149   6096.163   8.0 1 1 
	       1319.89 5852.37109  5852.4878   8.0 1 1 
	       1522.92 5269.65338   5269.537   8.0 1 1 
	       1558.42 5167.56029   5167.487   8.0 1 1 
	       1698.19 4764.81263   4764.865   8.0 1 1 
	function chebyshev
	order 4
	sample *
	naverage 1
	niterate 0
	low_reject 3.
	high_reject 3.
	grow 0.
	coefficients	8
		1.
		4.
		148.8875885009766
		1698.18701171875
		6991.164407872085
		-2227.374742541721
		3.576631687538795
		-2.55366944537323

# Thu 00:52:49 02-Nov-2017
begin	identify pcomp_medcomb[*,660]
	id	pcomp_medcomb
	task	identify
	image	pcomp_medcomb[*,660]
	units	Angstroms
	features	20
	        148.96 9224.71813   9224.499   8.0 1 1 
	        183.80 9122.93016   9122.967   8.0 1 1 
	        340.27 8667.54316   8667.944   8.0 1 1 
	        390.66 8521.43758   8521.441   8.0 1 1 
	        479.49 8264.46314   8264.521   8.0 1 1 
	        589.14 7948.14036   7948.175   8.0 1 1 
	        666.95  7724.1593   7723.761   8.0 1 1 
	        697.92 7635.11202   7635.105   8.0 1 1 
	        785.35 7384.02749    7383.98   8.0 1 1 
	        824.04  7273.0042   7272.936   8.0 1 1 
	        895.80 7067.27892   7067.218   8.0 1 1 
	        931.34 6965.41482   6965.431   8.0 1 1 
	       1031.65 6678.11644  6678.2766   8.0 1 1 
	       1128.02 6402.18486   6402.248   8.0 1 1 
	       1218.54 6142.97083  6143.0627   8.0 1 1 
	       1234.88 6096.17289   6096.163   8.0 1 1 
	       1319.97 5852.37522  5852.4878   8.0 1 1 
	       1522.99 5269.70744   5269.537   8.0 1 1 
	       1558.51 5167.57117   5167.487   8.0 1 1 
	       1698.30 4764.77697   4764.865   8.0 1 1 
	function chebyshev
	order 4
	sample *
	naverage 1
	niterate 0
	low_reject 3.
	high_reject 3.
	grow 0.
	coefficients	8
		1.
		4.
		148.9613647460937
		1698.300537109375
		6991.128346518367
		-2227.408805210175
		3.619202527027927
		-2.561773978375077

# Thu 00:52:49 02-Nov-2017
begin	identify pcomp_medcomb[*,675]
	id	pcomp_medcomb
	task	identify
	image	pcomp_medcomb[*,675]
	units	Angstroms
	features	20
	        149.06 9224.64465   9224.499   8.0 1 1 
	        183.85 9123.00098   9122.967   8.0 1 1 
	        340.33 8667.57575   8667.944   8.0 1 1 
	        390.73 8521.44888   8521.441   8.0 1 1 
	        479.59 8264.37621   8264.521   8.0 1 1 
	        589.18 7948.23387   7948.175   8.0 1 1 
	        667.04 7724.13723   7723.761   8.0 1 1 
	        698.00 7635.11976   7635.105   8.0 1 1 
	        785.45 7383.97266    7383.98   8.0 1 1 
	        824.13 7273.00341   7272.936   8.0 1 1 
	        895.87 7067.30533   7067.218   8.0 1 1 
	        931.43 6965.40033   6965.431   8.0 1 1 
	       1031.73 6678.12222  6678.2766   8.0 1 1 
	       1128.09 6402.19465   6402.248   8.0 1 1 
	       1218.62 6142.97381  6143.0627   8.0 1 1 
	       1234.96 6096.16187   6096.163   8.0 1 1 
	       1320.06 5852.35458  5852.4878   8.0 1 1 
	       1523.07 5269.70729   5269.537   8.0 1 1 
	       1558.56 5167.62512   5167.487   8.0 1 1 
	       1698.39 4764.74649   4764.865   8.0 1 1 
	function chebyshev
	order 4
	sample *
	naverage 1
	niterate 0
	low_reject 3.
	high_reject 3.
	grow 0.
	coefficients	8
		1.
		4.
		149.0571441650391
		1698.385009765625
		6991.090319783214
		-2227.387618466722
		3.605246472643023
		-2.561462232369514

# Thu 00:52:49 02-Nov-2017
begin	identify pcomp_medcomb[*,690]
	id	pcomp_medcomb
	task	identify
	image	pcomp_medcomb[*,690]
	units	Angstroms
	features	20
	        149.15 9224.55066   9224.499   8.0 1 1 
	        183.86 9123.13306   9122.967   8.0 1 1 
	        340.43 8667.46157   8667.944   8.0 1 1 
	        390.77 8521.52402   8521.441   8.0 1 1 
	        479.66 8264.36392   8264.521   8.0 1 1 
	        589.24 7948.27663   7948.175   8.0 1 1 
	        667.12  7724.1035   7723.761   8.0 1 1 
	        698.06 7635.14378   7635.105   8.0 1 1 
	        785.52 7383.97828    7383.98   8.0 1 1 
	        824.20 7272.99041   7272.936   8.0 1 1 
	        895.95 7067.28628   7067.218   8.0 1 1 
	        931.49 6965.42472   6965.431   8.0 1 1 
	       1031.82 6678.07632  6678.2766   8.0 1 1 
	       1128.17 6402.18736   6402.248   8.0 1 1 
	       1218.69 6142.97751  6143.0627   8.0 1 1 
	       1235.03 6096.18335   6096.163   8.0 1 1 
	       1320.12 5852.37472  5852.4878   8.0 1 1 
	       1523.14 5269.69598   5269.537   8.0 1 1 
	       1558.63 5167.63154   5167.487   8.0 1 1 
	       1698.45  4764.7415   4764.865   8.0 1 1 
	function chebyshev
	order 4
	sample *
	naverage 1
	niterate 0
	low_reject 3.
	high_reject 3.
	grow 0.
	coefficients	8
		1.
		4.
		149.1451568603515
		1698.454833984375
		6991.058556595691
		-2227.339935746513
		3.587525208494865
		-2.56464151037515

# Thu 00:52:49 02-Nov-2017
begin	identify pcomp_medcomb[*,705]
	id	pcomp_medcomb
	task	identify
	image	pcomp_medcomb[*,705]
	units	Angstroms
	features	20
	        149.26 9224.57903   9224.499   8.0 1 1 
	        184.00 9123.06722   9122.967   8.0 1 1 
	        340.53 8667.48278   8667.944   8.0 1 1 
	        390.85 8521.57629   8521.441   8.0 1 1 
	        479.75 8264.36462   8264.521   8.0 1 1 
	        589.32 7948.28495   7948.175   8.0 1 1 
	        667.21  7724.1026   7723.761   8.0 1 1 
	        698.15 7635.12839   7635.105   8.0 1 1 
	        785.63 7383.91206    7383.98   8.0 1 1 
	        824.29 7272.97327   7272.936   8.0 1 1 
	        896.03  7067.2936   7067.218   8.0 1 1 
	        931.58 6965.42572   6965.431   8.0 1 1 
	       1031.89 6678.11982  6678.2766   8.0 1 1 
	       1128.26 6402.19287   6402.248   8.0 1 1 
	       1218.77  6142.9929  6143.0627   8.0 1 1 
	       1235.12 6096.17181   6096.163   8.0 1 1 
	       1320.20 5852.37763  5852.4878   8.0 1 1 
	       1523.20  5269.7162   5269.537   8.0 1 1 
	       1558.71 5167.59448   5167.487   8.0 1 1 
	       1698.50 4764.74887   4764.865   8.0 1 1 
	function chebyshev
	order 4
	sample *
	naverage 1
	niterate 0
	low_reject 3.
	high_reject 3.
	grow 0.
	coefficients	8
		1.
		4.
		149.2564086914063
		1698.496826171875
		6991.08005783393
		-2227.320395281899
		3.583892438743967
		-2.594688522487639

# Thu 00:52:49 02-Nov-2017
begin	identify pcomp_medcomb[*,720]
	id	pcomp_medcomb
	task	identify
	image	pcomp_medcomb[*,720]
	units	Angstroms
	features	20
	        149.35 9224.55143   9224.499   8.0 1 1 
	        184.06 9123.12308   9122.967   8.0 1 1 
	        340.60 8667.50252   8667.944   8.0 1 1 
	        390.97 8521.46907   8521.441   8.0 1 1 
	        479.82 8264.40573   8264.521   8.0 1 1 
	        589.41 7948.25635   7948.175   8.0 1 1 
	        667.29 7724.09324   7723.761   8.0 1 1 
	        698.20 7635.22359   7635.105   8.0 1 1 
	        785.70 7383.91846    7383.98   8.0 1 1 
	        824.37 7272.96098   7272.936   8.0 1 1 
	        896.11 7067.26319   7067.218   8.0 1 1 
	        931.65 6965.41653   6965.431   8.0 1 1 
	       1031.95 6678.12041  6678.2766   8.0 1 1 
	       1128.32 6402.19636   6402.248   8.0 1 1 
	       1218.83 6143.00569  6143.0627   8.0 1 1 
	       1235.18  6096.1678   6096.163   8.0 1 1 
	       1320.27 5852.37469  5852.4878   8.0 1 1 
	       1523.27 5269.72885   5269.537   8.0 1 1 
	       1558.79 5167.56713   5167.487   8.0 1 1 
	       1698.58 4764.75999   4764.865   8.0 1 1 
	function chebyshev
	order 4
	sample *
	naverage 1
	niterate 0
	low_reject 3.
	high_reject 3.
	grow 0.
	coefficients	8
		1.
		4.
		149.3452606201172
		1698.577514648438
		6991.053127087909
		-2227.318543566435
		3.602580782874316
		-2.577179129679065

# Thu 00:52:49 02-Nov-2017
begin	identify pcomp_medcomb[*,735]
	id	pcomp_medcomb
	task	identify
	image	pcomp_medcomb[*,735]
	units	Angstroms
	features	20
	        149.47 9224.50928   9224.499   8.0 1 1 
	        184.19 9123.05347   9122.967   8.0 1 1 
	        340.67 8667.53642   8667.944   8.0 1 1 
	        390.98 8521.64684   8521.441   8.0 1 1 
	        479.86 8264.49987   8264.521   8.0 1 1 
	        589.50 7948.19708   7948.175   8.0 1 1 
	        667.37 7724.06664   7723.761   8.0 1 1 
	        698.30 7635.13987   7635.105   8.0 1 1 
	        785.79 7383.88148    7383.98   8.0 1 1 
	        824.46 7272.90952   7272.936   8.0 1 1 
	        896.19 7067.25581   7067.218   8.0 1 1 
	        931.73 6965.41532   6965.431   8.0 1 1 
	       1032.04 6678.11067  6678.2766   8.0 1 1 
	       1128.39 6402.22995   6402.248   8.0 1 1 
	       1218.91 6143.01073  6143.0627   8.0 1 1 
	       1235.26 6096.17543   6096.163   8.0 1 1 
	       1320.34 5852.40549  5852.4878   8.0 1 1 
	       1523.33 5269.72164   5269.537   8.0 1 1 
	       1558.82 5167.64592   5167.487   8.0 1 1 
	       1698.63 4764.69366   4764.865   8.0 1 1 
	function chebyshev
	order 4
	sample *
	naverage 1
	niterate 0
	low_reject 3.
	high_reject 3.
	grow 0.
	coefficients	8
		1.
		4.
		149.4696197509766
		1698.630126953125
		6991.012547855175
		-2227.287432414634
		3.588921707019611
		-2.620380539614806

# Thu 00:52:49 02-Nov-2017
begin	identify pcomp_medcomb[*,750]
	id	pcomp_medcomb
	task	identify
	image	pcomp_medcomb[*,750]
	units	Angstroms
	features	20
	        149.46 9224.63984   9224.499   8.0 1 1 
	        184.25 9122.98604   9122.967   8.0 1 1 
	        340.76 8667.45473   8667.944   8.0 1 1 
	        391.08 8521.53989   8521.441   8.0 1 1 
	        479.91 8264.56115   8264.521   8.0 1 1 
	        589.56 7948.21756   7948.175   8.0 1 1 
	        667.44 7724.07148   7723.761   8.0 1 1 
	        698.37 7635.15327   7635.105   8.0 1 1 
	        785.84 7383.92959    7383.98   8.0 1 1 
	        824.54 7272.88045   7272.936   8.0 1 1 
	        896.26 7067.25034   7067.218   8.0 1 1 
	        931.79 6965.45405   6965.431   8.0 1 1 
	       1032.10 6678.11434  6678.2766   8.0 1 1 
	       1128.45  6402.2407   6402.248   8.0 1 1 
	       1218.98 6143.00067  6143.0627   8.0 1 1 
	       1235.32 6096.19803   6096.163   8.0 1 1 
	       1320.40  5852.3891  5852.4878   8.0 1 1 
	       1523.40  5269.7126   5269.537   8.0 1 1 
	       1558.92 5167.53564   5167.487   8.0 1 1 
	       1698.67 4764.77563   4764.865   8.0 1 1 
	function chebyshev
	order 4
	sample *
	naverage 1
	niterate 0
	low_reject 3.
	high_reject 3.
	grow 0.
	coefficients	8
		1.
		4.
		149.4619750976562
		1698.66845703125
		6991.141041200077
		-2227.334383409668
		3.566693039727626
		-2.597725637155696

# Thu 00:52:49 02-Nov-2017
begin	identify pcomp_medcomb[*,765]
	id	pcomp_medcomb
	task	identify
	image	pcomp_medcomb[*,765]
	units	Angstroms
	features	20
	        149.56 9224.63766   9224.499   8.0 1 1 
	        184.34 9123.00081   9122.967   8.0 1 1 
	        340.85 8667.45466   8667.944   8.0 1 1 
	        391.18 8521.52117   8521.441   8.0 1 1 
	        480.02 8264.51547   8264.521   8.0 1 1 
	        589.64 7948.24347   7948.175   8.0 1 1 
	        667.51 7724.11814   7723.761   8.0 1 1 
	        698.44 7635.17595   7635.105   8.0 1 1 
	        785.92 7383.92066    7383.98   8.0 1 1 
	        824.63 7272.86057   7272.936   8.0 1 1 
	        896.35  7067.2288   7067.218   8.0 1 1 
	        931.86 6965.46988   6965.431   8.0 1 1 
	       1032.18 6678.10919  6678.2766   8.0 1 1 
	       1128.52 6402.23473   6402.248   8.0 1 1 
	       1219.04 6142.98954  6143.0627   8.0 1 1 
	       1235.38 6096.18692   6096.163   8.0 1 1 
	       1320.45 5852.41569  5852.4878   8.0 1 1 
	       1523.46 5269.67953   5269.537   8.0 1 1 
	       1558.96 5167.57481   5167.487   8.0 1 1 
	       1698.72 4764.76747   4764.865   8.0 1 1 
	function chebyshev
	order 4
	sample *
	naverage 1
	niterate 0
	low_reject 3.
	high_reject 3.
	grow 0.
	coefficients	8
		1.
		4.
		149.5584564208984
		1698.723999023438
		6991.138058333429
		-2227.34524294974
		3.56450414739574
		-2.589849597506767

# Thu 00:52:49 02-Nov-2017
begin	identify pcomp_medcomb[*,780]
	id	pcomp_medcomb
	task	identify
	image	pcomp_medcomb[*,780]
	units	Angstroms
	features	20
	        149.70 9224.53819   9224.499   8.0 1 1 
	        184.43 9123.06516   9122.967   8.0 1 1 
	        340.91 8667.59479   8667.944   8.0 1 1 
	        391.28 8521.54468   8521.441   8.0 1 1 
	        480.16 8264.39828   8264.521   8.0 1 1 
	        589.76 7948.18116   7948.175   8.0 1 1 
	        667.59 7724.15482   7723.761   8.0 1 1 
	        698.55 7635.14847   7635.105   8.0 1 1 
	        786.02 7383.91385    7383.98   8.0 1 1 
	        824.70 7272.91003   7272.936   8.0 1 1 
	        896.44 7067.21445   7067.218   8.0 1 1 
	        931.93  6965.4822   6965.431   8.0 1 1 
	       1032.25 6678.11387  6678.2766   8.0 1 1 
	       1128.59 6402.23977   6402.248   8.0 1 1 
	       1219.12 6142.98378  6143.0627   8.0 1 1 
	       1235.45 6096.19151   6096.163   8.0 1 1 
	       1320.53 5852.39766  5852.4878   8.0 1 1 
	       1523.52 5269.72759   5269.537   8.0 1 1 
	       1559.04 5167.54095   5167.487   8.0 1 1 
	       1698.80 4764.76387   4764.865   8.0 1 1 
	function chebyshev
	order 4
	sample *
	naverage 1
	niterate 0
	low_reject 3.
	high_reject 3.
	grow 0.
	coefficients	8
		1.
		4.
		149.7028045654297
		1698.79931640625
		6991.075931969523
		-2227.307667860536
		3.57509923522676
		-2.579492009680726

# Thu 00:52:49 02-Nov-2017
begin	identify pcomp_medcomb[*,795]
	id	pcomp_medcomb
	task	identify
	image	pcomp_medcomb[*,795]
	units	Angstroms
	features	20
	        149.83 9224.49464   9224.499   8.0 1 1 
	        184.53 9123.09981   9122.967   8.0 1 1 
	        340.94 8667.80206   8667.944   8.0 1 1 
	        391.45 8521.33151   8521.441   8.0 1 1 
	        480.28  8264.3319   8264.521   8.0 1 1 
	        589.84 7948.21433   7948.175   8.0 1 1 
	        667.68 7724.15328   7723.761   8.0 1 1 
	        698.61 7635.22061   7635.105   8.0 1 1 
	        786.09 7383.96113    7383.98   8.0 1 1 
	        824.79 7272.89982   7272.936   8.0 1 1 
	        896.52 7067.21648   7067.218   8.0 1 1 
	        932.03 6965.43874   6965.431   8.0 1 1 
	       1032.34 6678.11427  6678.2766   8.0 1 1 
	       1128.68 6402.22277   6402.248   8.0 1 1 
	       1219.20 6142.96413  6143.0627   8.0 1 1 
	       1235.53 6096.17723   6096.163   8.0 1 1 
	       1320.60 5852.38032  5852.4878   8.0 1 1 
	       1523.52 5269.80457   5269.537   8.0 1 1 
	       1559.07 5167.55383   5167.487   8.0 1 1 
	       1698.81 4764.72366   4764.865   8.0 1 1 
	function chebyshev
	order 4
	sample *
	naverage 1
	niterate 0
	low_reject 3.
	high_reject 3.
	grow 0.
	coefficients	8
		1.
		4.
		149.8276977539063
		1698.810180664063
		6991.079534818825
		-2227.279660159223
		3.52961982242918
		-2.605829976780908

# Thu 00:52:49 02-Nov-2017
begin	identify pcomp_medcomb[*,810]
	id	pcomp_medcomb
	task	identify
	image	pcomp_medcomb[*,810]
	units	Angstroms
	features	20
	        150.01 9224.40593   9224.499   8.0 1 1 
	        184.65 9123.13447   9122.967   8.0 1 1 
	        340.99 8667.92517   8667.944   8.0 1 1 
	        391.57 8521.22598   8521.441   8.0 1 1 
	        480.29 8264.47287   8264.521   8.0 1 1 
	        589.89 7948.24559   7948.175   8.0 1 1 
	        667.74 7724.12944   7723.761   8.0 1 1 
	        698.68 7635.17575   7635.105   8.0 1 1 
	        786.16 7383.90091    7383.98   8.0 1 1 
	        824.86 7272.84751   7272.936   8.0 1 1 
	        896.58 7067.21745   7067.218   8.0 1 1 
	        932.11 6965.38481   6965.431   8.0 1 1 
	       1032.40 6678.11164  6678.2766   8.0 1 1 
	       1128.73 6402.25121   6402.248   8.0 1 1 
	       1219.26 6142.99231  6143.0627   8.0 1 1 
	       1235.59 6096.21918   6096.163   8.0 1 1 
	       1320.65 5852.43994  5852.4878   8.0 1 1 
	       1523.61 5269.75347   5269.537   8.0 1 1 
	       1559.14 5167.54645   5167.487   8.0 1 1 
	       1698.86 4764.72501   4764.865   8.0 1 1 
	function chebyshev
	order 4
	sample *
	naverage 1
	niterate 0
	low_reject 3.
	high_reject 3.
	grow 0.
	coefficients	8
		1.
		4.
		150.0076141357422
		1698.8564453125
		6990.973617788884
		-2227.1710337832
		3.591856097545909
		-2.669426559707699

# Thu 00:52:49 02-Nov-2017
begin	identify pcomp_medcomb[*,825]
	id	pcomp_medcomb
	task	identify
	image	pcomp_medcomb[*,825]
	units	Angstroms
	features	20
	        150.26  9224.3737   9224.499   8.0 1 1 
	        184.87 9123.11791   9122.967   8.0 1 1 
	        341.13 8667.94409   8667.944   8.0 1 1 
	        391.69 8521.25341   8521.441   8.0 1 1 
	        480.36 8264.57623   8264.521   8.0 1 1 
	        589.97 7948.24438   7948.175   8.0 1 1 
	        667.84 7724.07286   7723.761   8.0 1 1 
	        698.76 7635.16237   7635.105   8.0 1 1 
	        786.23 7383.88855    7383.98   8.0 1 1 
	        824.94  7272.8364   7272.936   8.0 1 1 
	        896.65 7067.20726   7067.218   8.0 1 1 
	        932.20 6965.32538   6965.431   8.0 1 1 
	       1032.47 6678.12203  6678.2766   8.0 1 1 
	       1128.81 6402.25582   6402.248   8.0 1 1 
	       1219.33 6142.99545  6143.0627   8.0 1 1 
	       1235.66 6096.22854   6096.163   8.0 1 1 
	       1320.72 5852.47862  5852.4878   8.0 1 1 
	       1523.66 5269.79067   5269.537   8.0 1 1 
	       1559.20 5167.53749   5167.487   8.0 1 1 
	       1698.90 4764.69393   4764.865   8.0 1 1 
	function chebyshev
	order 4
	sample *
	naverage 1
	niterate 0
	low_reject 3.
	high_reject 3.
	grow 0.
	coefficients	8
		1.
		4.
		150.2558898925781
		1698.901123046875
		6990.848785937889
		-2227.089855022887
		3.685031464692289
		-2.750029386060465

# Thu 00:52:49 02-Nov-2017
begin	identify pcomp_medcomb[*,840]
	id	pcomp_medcomb
	task	identify
	image	pcomp_medcomb[*,840]
	units	Angstroms
	features	20
	        150.35 9224.48132   9224.499   8.0 1 1 
	        185.05 9122.97542   9122.967   8.0 1 1 
	        341.27 8667.84634   8667.944   8.0 1 1 
	        391.73 8521.40803   8521.441   8.0 1 1 
	        480.43 8264.63228   8264.521   8.0 1 1 
	        590.07 7948.21189   7948.175   8.0 1 1 
	        667.93 7724.02175   7723.761   8.0 1 1 
	        698.82 7635.17462   7635.105   8.0 1 1 
	        786.30  7383.8843    7383.98   8.0 1 1 
	        825.01 7272.79056   7272.936   8.0 1 1 
	        896.70 7067.22556   7067.218   8.0 1 1 
	        932.25 6965.32421   6965.431   8.0 1 1 
	       1032.52 6678.11723  6678.2766   8.0 1 1 
	       1128.84 6402.27437   6402.248   8.0 1 1 
	       1219.37 6142.99705  6143.0627   8.0 1 1 
	       1235.68 6096.26933   6096.163   8.0 1 1 
	       1320.75  5852.4749  5852.4878   8.0 1 1 
	       1523.73 5269.69212   5269.537   8.0 1 1 
	       1559.21  5167.6066   5167.487   8.0 1 1 
	       1698.93 4764.69722   4764.865   8.0 1 1 
	function chebyshev
	order 4
	sample *
	naverage 1
	niterate 0
	low_reject 3.
	high_reject 3.
	grow 0.
	coefficients	8
		1.
		4.
		150.3488311767578
		1698.929443359375
		6990.867380031398
		-2227.139841845907
		3.721887753672503
		-2.752209342562948

# Thu 00:52:49 02-Nov-2017
begin	identify pcomp_medcomb[*,855]
	id	pcomp_medcomb
	task	identify
	image	pcomp_medcomb[*,855]
	units	Angstroms
	features	20
	        150.41 9224.55107   9224.499   8.0 1 1 
	        185.17 9122.89018   9122.967   8.0 1 1 
	        341.33 8667.97848   8667.944   8.0 1 1 
	        391.86 8521.34193   8521.441   8.0 1 1 
	        480.59 8264.49701   8264.521   8.0 1 1 
	        590.15 7948.28007   7948.175   8.0 1 1 
	        668.03 7724.00885   7723.761   8.0 1 1 
	        698.94 7635.11655   7635.105   8.0 1 1 
	        786.38 7383.92429    7383.98   8.0 1 1 
	        825.10 7272.80538   7272.936   8.0 1 1 
	        896.77 7067.26516   7067.218   8.0 1 1 
	        932.32 6965.37613   6965.431   8.0 1 1 
	       1032.59 6678.12961  6678.2766   8.0 1 1 
	       1128.93 6402.23652   6402.248   8.0 1 1 
	       1219.44 6143.00676  6143.0627   8.0 1 1 
	       1235.76 6096.23277   6096.163   8.0 1 1 
	       1320.82 5852.46714  5852.4878   8.0 1 1 
	       1523.80 5269.64153   5269.537   8.0 1 1 
	       1559.25 5167.64242   5167.487   8.0 1 1 
	       1698.99 4764.71323   4764.865   8.0 1 1 
	function chebyshev
	order 4
	sample *
	naverage 1
	niterate 0
	low_reject 3.
	high_reject 3.
	grow 0.
	coefficients	8
		1.
		4.
		150.4144287109375
		1698.988159179688
		6990.922860943487
		-2227.196440290261
		3.709290816321018
		-2.722480149499442

# Thu 00:52:49 02-Nov-2017
begin	identify pcomp_medcomb[*,870]
	id	pcomp_medcomb
	task	identify
	image	pcomp_medcomb[*,870]
	units	Angstroms
	features	20
	        150.52 9224.49046   9224.499   8.0 1 1 
	        185.26 9122.89451   9122.967   8.0 1 1 
	        341.39 8668.11626   8667.944   8.0 1 1 
	        391.98 8521.33055   8521.441   8.0 1 1 
	        480.70 8264.48909   8264.521   8.0 1 1 
	        590.26 7948.26307   7948.175   8.0 1 1 
	        668.16 7723.95366   7723.761   8.0 1 1 
	        699.06 7635.07999   7635.105   8.0 1 1 
	        786.47 7383.94515    7383.98   8.0 1 1 
	        825.18 7272.83697   7272.936   8.0 1 1 
	        896.87 7067.23874   7067.218   8.0 1 1 
	        932.40 6965.37911   6965.431   8.0 1 1 
	       1032.66 6678.12481  6678.2766   8.0 1 1 
	       1128.99 6402.23198   6402.248   8.0 1 1 
	       1219.49 6143.01689  6143.0627   8.0 1 1 
	       1235.81 6096.25377   6096.163   8.0 1 1 
	       1320.87 5852.45666  5852.4878   8.0 1 1 
	       1523.85 5269.66337   5269.537   8.0 1 1 
	       1559.31 5167.64706   5167.487   8.0 1 1 
	       1699.07 4764.69297   4764.865   8.0 1 1 
	function chebyshev
	order 4
	sample *
	naverage 1
	niterate 0
	low_reject 3.
	high_reject 3.
	grow 0.
	coefficients	8
		1.
		4.
		150.5241088867188
		1699.067260742188
		6990.884516733288
		-2227.224664659981
		3.707199836925493
		-2.674080198368555

# Thu 00:52:49 02-Nov-2017
begin	identify pcomp_medcomb[*,885]
	id	pcomp_medcomb
	task	identify
	image	pcomp_medcomb[*,885]
	units	Angstroms
	features	20
	        150.59 9224.57352   9224.499   8.0 1 1 
	        185.39  9122.8008   9122.967   8.0 1 1 
	        341.45 8668.18705   8667.944   8.0 1 1 
	        392.07 8521.30548   8521.441   8.0 1 1 
	        480.80 8264.46536   8264.521   8.0 1 1 
	        590.37 7948.19747   7948.175   8.0 1 1 
	        668.27 7723.89519   7723.761   8.0 1 1 
	        699.14 7635.10683   7635.105   8.0 1 1 
	        786.56 7383.95298    7383.98   8.0 1 1 
	        825.27 7272.86516   7272.936   8.0 1 1 
	        896.97 7067.25191   7067.218   8.0 1 1 
	        932.49 6965.42041   6965.431   8.0 1 1 
	       1032.76 6678.18102  6678.2766   8.0 1 1 
	       1129.11 6402.23622   6402.248   8.0 1 1 
	       1219.61 6143.03918  6143.0627   8.0 1 1 
	       1235.96 6096.21264   6096.163   8.0 1 1 
	       1321.02 5852.45347  5852.4878   8.0 1 1 
	       1524.08 5269.47665   5269.537   8.0 1 1 
	       1559.44 5167.74309   5167.487   8.0 1 1 
	       1699.24 4764.74068   4764.865   8.0 1 1 
	function chebyshev
	order 4
	sample *
	naverage 1
	niterate 0
	low_reject 3.
	high_reject 3.
	grow 0.
	coefficients	8
		1.
		4.
		150.5927581787109
		1699.240234375
		6990.896235990982
		-2227.237463829198
		3.760862029439397
		-2.67895501083204

